date,wbe,fieldworker,type,xlambert,ylambert,year
2022-03-06,121,367,Sound,85548.21181130056,183270.29301211052,2022
2022-02-10,103,279,Sound,34216.05340589459,179934.8308137115,2022
2022-03-18,103,91,Single,28028.331303891697,189180.2013842482,2022
2022-02-26,109,379,Sound,41910.89641824647,176186.37779833842,2022
2022-03-14,113,151,Group,48054.22690300345,183585.9755951203,2022
2022-01-25,122,366,Sound,78262.68513036535,192782.21270974912,2022
2022-01-30,122,138,Sound,78453.98015079446,189946.72503642924,2022
2022-02-23,115,13,Couple,83254.08741905216,169610.9909727145,2022
2022-02-01,240,311,Group,98793.3397422097,167048.3521874575,2022
2022-03-04,122,192,Single,72987.72355570417,188830.9018025305,2022
2022-03-25,113,169,Couple,51535.668230558906,183151.7831775071,2022
2022-03-22,102,447,Sound,39271.61925992128,164300.5132651627,2022
2022-03-29,117,20,Sound,43273.51983965948,186162.21770068537,2022
2022-03-18,239,421,Group,94748.65360062484,179406.62547426112,2022
2022-02-24,114,508,Single,44094.06963240159,198665.3832609309,2022
2022-01-19,118,97,Sound,41392.90056138155,178287.66639734432,2022
2022-03-03,110,387,Single,75132.3729667278,196972.6276932741,2022
2022-03-21,106,422,Group,72374.68841178782,223849.44034863077,2022
2022-03-26,109,160,Single,31635.427252975045,170338.0018064482,2022
2022-02-15,120,442,Group,40175.631062176704,176069.5125434259,2022
2022-02-04,109,427,Couple,32952.73832730041,174806.41900322493,2022
2022-03-23,102,126,Group,39273.688932403995,159352.5905448068,2022
2022-02-24,130,234,Single,56817.99483886467,214631.66273379885,2022
2022-02-26,107,298,Couple,73178.30967742128,161505.04666663148,2022
2022-03-27,126,418,Single,79581.89981738494,221416.6044218354,2022
2022-02-01,109,19,Single,28919.140997780454,178312.85042507574,2022
2022-01-21,222,251,Group,127132.9134686631,172760.29781870916,2022
2022-02-21,115,73,Couple,82305.69585749261,165597.985965834,2022
2022-01-27,122,322,Couple,63411.528574556825,189869.96949701384,2022
2022-01-21,115,325,Sound,82254.83180798357,161688.0692963954,2022
2022-02-07,105,119,Group,55709.88274316628,197867.00681042112,2022
2022-03-11,240,528,Sound,101297.08498938574,174464.46364729665,2022
2022-03-12,102,407,Single,35749.29635909373,168243.87854298297,2022
2022-01-19,526,506,Couple,138229.50343691598,160354.17532726005,2022
2022-02-03,505,491,Group,186792.2589578437,176594.04502138775,2022
2022-02-13,121,360,Sound,77885.12861198102,184634.29068796895,2022
2022-03-30,217,72,Sound,110837.97175086354,201126.2846318828,2022
2022-03-13,113,222,Group,57980.5244511247,187775.9621744631,2022
2022-03-07,110,146,Single,66415.63581084184,196485.7977746958,2022
2022-01-27,128,262,Couple,48467.576109705115,208415.53909982927,2022
2022-03-25,103,328,Couple,38465.58623372982,180553.39564108665,2022
2022-01-15,118,185,Sound,54118.33527703678,174691.04629014432,2022
2022-03-12,118,432,Single,45195.75765251355,182350.32243104372,2022
2022-01-17,118,531,Couple,36538.937798048224,177037.76828549337,2022
2022-01-16,102,266,Group,41040.94229322106,167332.0748823285,2022
2022-03-13,109,425,Single,36270.39972037652,173133.61162478197,2022
2022-03-13,109,256,Sound,35254.142662568556,170426.57246277295,2022
2022-02-01,113,396,Sound,54752.53084573406,184897.09310008585,2022
2022-02-10,507,485,Single,142633.7828498798,185153.9237861512,2022
2022-03-19,210,43,Single,116955.138384484,179307.05501781497,2022
2022-02-13,108,23,Sound,74948.89170040961,174641.5438215742,2022
2022-03-26,110,3,Sound,74550.7303670956,195025.4834904289,2022
2022-02-16,122,305,Couple,71480.7214721116,188246.5836539874,2022
2022-02-18,103,32,Group,30624.048271971944,181296.18004545756,2022
2022-02-25,115,38,Couple,79322.48286665096,168573.73036748916,2022
2022-01-18,222,377,Single,132510.3410543337,185432.5473784553,2022
2022-03-17,240,454,Group,105790.56975232036,175461.4017927423,2022
2022-01-30,337,428,Group,152262.76221270754,192654.6528424984,2022
2022-03-30,116,467,Couple,57850.042666366266,173539.4441373311,2022
2022-02-10,128,183,Single,44756.2596309021,207106.93590470124,2022
2022-03-20,118,110,Group,51969.08269047216,175686.3271436086,2022
2022-02-10,216,26,Single,121984.66205357036,205926.36339311025,2022
2022-01-22,105,471,Single,63159.63743061021,196850.00664143357,2022
2022-01-19,526,480,Sound,140232.08709756943,168121.67417612486,2022
2022-03-15,115,448,Single,88811.02517512412,166442.98586832825,2022
2022-02-07,210,303,Couple,122212.16792322992,177523.89526690636,2022
2022-01-16,326,395,Group,171393.3998563746,233262.1041755434,2022
2022-03-20,113,356,Couple,58517.29978645308,180351.14460508712,2022
2022-01-26,531,106,Couple,123891.24866314352,156399.35812404193,2022
2022-03-29,505,488,Couple,191797.27799479608,182821.15435352176,2022
2022-03-29,,49,Couple,71681.71577027449,164778.2673443779,2022
2022-01-28,240,238,Couple,108969.75634064325,168727.88277622312,2022
2022-01-27,116,250,Couple,57804.40945283507,171894.01203786302,2022
2022-01-24,109,379,Group,29228.53706799232,175979.04177096672,2022
2022-01-24,106,422,Sound,74389.53454097283,222485.42492047415,2022
2022-03-25,105,113,Couple,63094.060676637615,201474.3210827727,2022
2022-02-01,207,468,Sound,113747.21255675163,195271.90630146585,2022
2022-03-15,118,343,Single,42504.380963600706,179829.36109873652,2022
2022-02-02,240,419,Single,106954.0808294376,176500.76410521008,2022
2022-02-28,101,52,Single,23432.973603750113,196722.5821686052,2022
2022-02-22,207,402,Sound,113916.325553586,198110.3210859839,2022
2022-03-19,122,307,Couple,70424.10274606287,182915.09261992577,2022
2022-03-17,243,82,Group,79485.7520053428,211315.19918831717,2022
2022-02-06,213,401,Couple,113713.3125292458,164060.4643047331,2022
2022-03-25,221,482,Couple,98899.54908889555,217259.54905445408,2022
2022-01-27,121,78,Sound,80797.63299005656,189189.63149490207,2022
2022-01-15,113,63,Sound,49655.485970251786,179876.3085647868,2022
2022-03-09,,276,Single,63966.07111556837,212888.86376074795,2022
2022-02-16,,135,Group,91941.44241693412,203871.14388787653,2022
2022-03-07,108,397,Single,67128.51805466117,175648.89175865334,2022
2022-02-27,105,119,Single,55957.18914593084,198933.38016450685,2022
2022-01-26,102,105,Group,38712.992122352545,168516.2122455323,2022
2022-01-27,106,241,Single,80855.76956015844,225914.52802494075,2022
2022-03-29,128,290,Group,46415.38106133534,206236.82966728415,2022
2022-02-13,122,499,Couple,63609.31691896661,187937.7916792948,2022
2022-02-01,250,468,Couple,108727.3845252666,184256.59326463565,2022
2022-02-28,110,289,Sound,76144.33743388992,203659.5682255635,2022
2022-02-26,210,205,Sound,112199.6375047997,183643.9754215125,2022
2022-02-05,121,353,Sound,79722.94898582203,180732.87450134105,2022
2022-03-05,105,168,Group,66227.66476978138,205486.19829309732,2022
2022-01-16,118,235,Group,48721.80445880862,175013.61570298765,2022
2022-03-18,217,210,Sound,113713.51882369436,205087.64079184644,2022
2022-03-08,249,7,Couple,109865.46838715776,163290.13091993053,2022
2022-01-31,209,369,Couple,107840.96270128894,211804.43110789824,2022
2022-01-28,210,320,Sound,120733.13086312762,177444.82809758,2022
2022-03-13,109,207,Sound,34947.406728961534,169651.83879796695,2022
2022-03-20,110,546,Single,74497.01038101011,210928.415161754,2022
2022-02-23,113,232,Group,60802.91959708436,183565.2570083905,2022
2022-03-01,130,271,Couple,60914.83639633063,212287.41497762408,2022
2022-01-23,121,332,Single,83217.41878713657,179855.4197929753,2022
2022-02-15,117,141,Couple,40296.36026057582,182268.1231859522,2022
2022-03-25,202,200,Couple,95520.77864934845,212161.4245069493,2022
2022-03-29,121,367,Couple,81582.51902691,182424.55294283383,2022
2022-03-24,110,362,Single,78157.21856751769,200265.78925240133,2022
2022-03-01,128,295,Sound,47859.537213404095,209546.9022559011,2022
2022-02-15,109,379,Group,40001.62366515362,177031.97396540456,2022
2022-03-12,227,522,Couple,93488.28477464372,203665.64414274413,2022
2022-02-06,122,34,Sound,66796.61228373178,193689.87378450483,2022
2022-01-17,124,9,Group,61207.28652537508,220794.02274211217,2022
2022-03-07,121,367,Sound,83557.81690375374,187123.02137972417,2022
2022-02-25,121,545,Single,73837.37608555896,181116.48406261485,2022
2022-02-03,107,275,Couple,66376.26961090545,162130.12890198547,2022
2022-02-28,122,81,Sound,71729.38432935276,183935.352871228,2022
2022-02-10,110,361,Single,72974.13626566251,201308.426457108,2022
2022-03-17,240,388,Single,96532.70239903862,165752.38168317918,2022
2022-03-25,109,379,Single,40578.7853476843,176903.89466923475,2022
2022-02-20,113,386,Group,55546.50648226804,178814.73942388128,2022
2022-02-17,109,127,Couple,34435.29445109998,169175.7405965645,2022
2022-03-12,115,73,Couple,83241.49600481945,167274.4557323251,2022
2022-03-19,130,339,Couple,54169.34206823056,215085.52925488912,2022
2022-01-26,202,80,Group,94985.59533290208,215987.74237922765,2022
2022-02-27,128,444,Group,38052.00103860142,205144.60794307105,2022
2022-02-08,122,329,Single,65593.6483787004,188504.8807319887,2022
2022-03-22,102,45,Couple,40525.142145370046,162145.6628653314,2022
2022-02-09,121,282,Sound,77483.00895951256,182706.98742192332,2022
2022-03-05,120,478,Couple,40663.16429311954,174768.17609911133,2022
2022-03-29,240,29,Group,100673.5650921753,172520.38249897398,2022
2022-03-01,121,282,Single,75956.86186588203,184789.57548360992,2022
2022-03-13,216,103,Single,119452.9363753784,202350.39317373652,2022
2022-03-14,116,250,Group,55532.60533867404,173163.02150935773,2022
2022-03-01,213,154,Couple,115102.19591688443,167517.8001745306,2022
2022-02-22,115,191,Single,77354.86569235216,171026.9754772773,2022
2022-01-18,317,39,Single,161995.89294268168,208044.1677985685,2022
2022-02-13,121,459,Couple,74653.87751307388,184683.8255877858,2022
2022-03-29,118,436,Couple,36901.446270531174,179544.8620556919,2022
2022-01-26,326,547,Group,174636.3388319235,234698.245165037,2022
2022-03-14,108,293,Group,67773.63161636988,169619.05340073444,2022
2022-03-21,254,364,Sound,86368.49399826693,207935.01688589712,2022
2022-02-24,526,67,Couple,136838.84710877357,158418.68616374582,2022
2022-02-09,118,343,Group,41023.97824445178,180912.79777745996,2022
2022-02-03,118,97,Group,40337.24634343354,178375.57017086074,2022
2022-03-23,124,239,Single,59837.02715658765,216795.906201208,2022
2022-03-20,125,226,Couple,79996.41007971855,159585.54588803183,2022
2022-03-02,130,158,Single,56387.60947283941,210281.4203192219,2022
2022-03-15,130,314,Single,57485.63255839224,216444.606026005,2022
2022-03-31,114,458,Couple,52351.40512989624,202572.30593033787,2022
2022-02-12,526,480,Couple,141049.25018153994,165744.34311303124,2022
2022-02-06,118,281,Group,51177.948691962694,175418.51903264318,2022
2022-03-25,109,346,Sound,28442.810546915494,175505.034072374,2022
2022-03-25,115,71,Group,82532.06565296551,171232.98845919315,2022
2022-02-04,531,534,Group,131119.76945501,163191.42617410887,2022
2022-02-02,223,302,Group,106212.4399263226,183726.8267316278,2022
2022-03-17,312,204,Couple,154210.6538974596,237009.89214126952,2022
2022-03-14,121,305,Single,71957.04775864599,185860.8824622035,2022
2022-03-16,239,380,Sound,93224.7943733921,174804.87712721713,2022
2022-03-01,102,406,Single,45673.585623365856,166952.74772610422,2022
2022-03-06,121,282,Couple,75349.1679749852,181651.07676143944,2022
2022-03-20,223,302,Single,107411.52941458818,183432.7420350993,2022
2022-03-12,213,306,Sound,112336.53214642248,164931.04713937177,2022
2022-03-19,102,22,Single,47833.69260323698,169844.218931905,2022
2022-02-04,110,316,Sound,79560.609632057,200255.04377013168,2022
2022-02-02,326,197,Group,176753.28785930105,233350.09578361735,2022
2022-03-26,114,193,Sound,48964.455083144116,200249.1996974582,2022
2022-02-24,118,201,Single,39756.01388455597,182317.27740114275,2022
2022-02-06,207,502,Couple,113766.744661397,196290.33686881512,2022
2022-03-06,103,259,Single,28012.805149426276,185159.8524005236,2022
2022-02-14,239,445,Sound,96700.53286670274,176708.63602271862,2022
2022-02-18,113,345,Single,59886.113119826216,187515.94587270543,2022
2022-01-19,108,490,Couple,68062.90746262063,177566.70481104124,2022
2022-02-08,121,305,Group,73772.02131653726,186734.94955193717,2022
2022-01-27,114,142,Sound,48416.4952859074,204814.99357124697,2022
2022-02-17,116,288,Single,64259.35566725598,178520.2208399335,2022
2022-02-25,121,64,Couple,76246.16394622337,179869.31497661115,2022
2022-01-29,121,240,Group,78867.76342042007,173565.83544434048,2022
2022-01-18,102,198,Sound,52443.25535402326,168230.4164900491,2022
2022-03-20,106,255,Couple,72181.8850520045,216450.0530524673,2022
2022-03-17,240,388,Sound,97033.09713967744,164672.24131880607,2022
2022-03-09,114,508,Sound,46540.93756903043,201425.54733898956,2022
2022-02-14,248,265,Single,113910.46432121543,173947.4677040968,2022
2022-02-12,118,77,Sound,46963.58504600225,184495.04041489493,2022
2022-02-13,113,501,Group,55735.485105589614,187764.13666473425,2022
2022-01-20,526,348,Group,141577.13463411023,161129.11005235836,2022
2022-03-14,121,525,Single,75052.71140835684,179911.5577569753,2022
2022-02-01,102,237,Couple,56379.76938001359,165137.07204101048,2022
2022-02-20,118,235,Group,48378.864231186206,174733.72111127153,2022
2022-01-22,221,375,Group,101356.6320115084,212766.4588090023,2022
2022-03-01,526,348,Single,139234.04966839598,160753.1390371397,2022
2022-02-21,326,128,Group,171772.90377647412,232853.05219605935,2022
2022-02-09,209,166,Group,102439.91214650324,214188.20368773676,2022
2022-03-15,128,139,Sound,46538.213860223506,207462.7447558269,2022
2022-01-29,507,449,Group,134286.64740491635,189895.3229670068,2022
2022-01-31,118,201,Group,39125.00686188042,180762.93740863167,2022
2022-03-17,240,388,Couple,96178.81120768916,166696.97346209362,2022
2022-03-19,113,496,Couple,59080.64140282596,189783.31616311148,2022
2022-03-01,105,157,Sound,58650.36478843022,194583.10247771256,2022
2022-02-07,243,100,Couple,82005.54458336615,214144.7834285563,2022
2022-02-25,128,489,Single,48234.22024882329,210784.6481142184,2022
2022-02-19,124,224,Single,59465.88758932735,219665.91185218003,2022
2022-03-01,110,216,Couple,76943.79458237813,200687.7323589688,2022
2022-02-05,130,1,Couple,53818.94654801814,214795.2251793053,2022
2022-02-14,122,25,Couple,80539.52741023072,194407.2010663664,2022
2022-02-18,102,147,Couple,50244.546173925264,172684.39530341793,2022
2022-03-01,110,308,Couple,67629.41475563408,198044.5732988203,2022
2022-03-08,118,48,Group,56035.91895841264,177448.5709005613,2022
2022-01-31,505,11,Single,190464.81422830952,183351.95679998863,2022
2022-03-16,209,497,Single,102984.80252638046,211606.52067608573,2022
2022-03-10,507,429,Couple,144503.12258001525,190305.6297706915,2022
2022-02-23,122,407,Couple,68134.166482944,190067.02745509427,2022
2022-02-10,531,370,Sound,133571.67886712757,157283.63914363738,2022
2022-02-05,103,91,Group,34469.888716847796,183835.7970367903,2022
2022-02-24,110,289,Group,70178.3841137203,199465.16196746565,2022
2022-01-28,116,102,Sound,60301.09664885927,176061.7571359072,2022
2022-01-30,113,437,Single,55411.1400594342,183956.8072803961,2022
2022-02-09,122,25,Sound,79033.05504339577,191999.68044479005,2022
2022-01-21,122,417,Couple,72344.30741260554,191000.58679067064,2022
2022-01-27,118,235,Group,47831.72566679279,175435.55456358753,2022
2022-01-28,105,168,Sound,66248.51815214336,205491.11339178216,2022
2022-01-24,526,184,Single,137362.3121079385,172986.37122984417,2022
2022-02-08,106,434,Group,73025.94430304707,214863.7252441011,2022
2022-01-31,114,50,Couple,51936.90004727506,198193.0450616628,2022
2022-01-25,209,450,Couple,106408.15979811024,217338.91989789344,2022
2022-03-17,202,83,Couple,93678.91687999082,209889.42651282437,2022
2022-03-05,243,82,Single,76436.27268506527,213803.04159294255,2022
2022-01-27,113,18,Single,59680.055007734816,181340.3420916684,2022
2022-03-22,121,282,Couple,75845.91074182898,182854.8127142396,2022
2022-02-10,110,361,Single,73192.54314890446,201038.42575101551,2022
2022-02-06,130,33,Couple,57669.55608366434,216214.80449874047,2022
2022-03-29,118,470,Couple,48177.13353923005,176456.33914777357,2022
2022-03-13,531,37,Sound,129931.38343957678,160644.7721043676,2022
2022-02-04,121,455,Group,71044.56013518627,186438.28814386204,2022
2022-02-21,103,91,Single,35862.20620193753,183805.4031825615,2022
2022-02-24,526,67,Couple,136669.23003646356,159029.3824715456,2022
2022-03-01,240,415,Single,100071.2069372413,170841.6435409179,2022
2022-02-03,121,411,Group,84916.55477288306,188448.58963561244,2022
2022-03-29,115,144,Couple,81704.95269031977,171654.1584182689,2022
2022-03-20,120,478,Group,38344.49538442152,174087.28827150445,2022
2022-02-13,122,161,Group,68972.72639991627,184701.7247206364,2022
2022-03-21,221,404,Single,97377.54241927664,208960.41426950507,2022
2022-03-03,207,530,Group,114942.8251183606,194538.6047227364,2022
2022-02-01,308,381,Sound,176444.71594655595,239359.8978797961,2022
2022-03-25,110,312,Sound,80901.12088451537,194946.9492418468,2022
2022-03-26,115,357,Single,80712.57320348415,168737.97776643746,2022
2022-03-19,,474,Single,104888.29104411052,214886.45407820216,2022
2022-01-26,118,537,Group,52052.57709093767,179613.97406557295,2022
2022-03-11,101,55,Single,38167.762919497225,199611.45296900067,2022
2022-02-24,121,545,Couple,73086.8102575107,184947.7334912084,2022
2022-01-24,239,8,Single,88935.66396265752,172345.2291467823,2022
2022-02-17,102,378,Single,48474.10940629766,173090.8111669207,2022
2022-03-05,229,62,Group,98650.37102210573,205657.52976140287,2022
2022-02-08,207,402,Sound,112537.21660149994,197689.22126544267,2022
2022-03-26,312,12,Group,153239.38707981588,235151.6808204204,2022
2022-02-06,207,502,Group,109170.0366300157,199779.6428427426,2022
2022-02-24,122,42,Couple,76135.91850032726,189541.23012518696,2022
2022-03-02,312,89,Couple,161173.1936596836,237192.9522134308,2022
2022-01-25,118,537,Single,45829.360335464735,179237.9400666263,2022
2022-02-10,507,485,Couple,142856.9141507098,184790.63212941308,2022
2022-01-18,102,198,Couple,50984.50830809603,167843.09245205298,2022
2022-03-17,202,83,Single,93724.91426970148,210535.18839608505,2022
2022-03-16,113,232,Couple,57913.89667204562,179502.91780821886,2022
2022-02-06,505,117,Couple,187954.64133407245,177941.52657039836,2022
2022-02-24,224,254,Group,89711.62102498181,204535.0032074675,2022
2022-02-07,116,86,Couple,58244.440159793376,179233.533363631,2022
2022-01-23,122,499,Single,65505.886797419735,186036.71970002353,2022
2022-03-20,130,487,Sound,62594.21723387149,216264.4275666289,2022
2022-03-27,116,324,Group,59009.89354230436,172128.67372458242,2022
2022-02-07,128,183,Group,44144.625023697314,206331.69861151744,2022
2022-02-08,116,220,Sound,60860.38682028398,167376.8296189094,2022
2022-03-01,128,295,Single,47675.5474963318,209137.81488864683,2022
2022-03-18,102,126,Couple,41561.25519029617,166553.35990884714,2022
2022-01-15,102,105,Group,41157.67070280328,171564.98887968436,2022
2022-01-28,240,223,Sound,102547.83641454251,171706.0547696026,2022
2022-03-31,102,263,Group,47215.862739693344,162787.69981924724,2022
2022-02-15,128,183,Single,43937.23535073483,207194.184648945,2022
2022-03-11,254,252,Sound,87140.54473007901,211527.61419482157,2022
2022-02-07,114,441,Sound,50038.88226259353,204672.9953412889,2022
2022-02-13,108,490,Sound,71333.02004608992,178212.43943244778,2022
2022-03-18,118,167,Sound,54324.55799527984,176146.9564776197,2022
2022-01-30,128,489,Couple,48757.99227469634,210017.0243507931,2022
2022-03-05,102,213,Sound,43440.923775303425,170574.39042516518,2022
2022-03-27,110,94,Single,80241.97293737283,201964.73709139787,2022
2022-01-17,121,101,Single,85434.8238226288,195383.74718397856,2022
2022-02-13,107,218,Sound,74573.58488003995,161694.23535189126,2022
2022-02-10,110,280,Single,82784.1440191066,206290.7144682044,2022
2022-02-26,105,149,Couple,63540.71751356304,194044.69048469048,2022
2022-01-25,122,42,Group,69518.43947529393,185107.7854471467,2022
2022-02-01,308,381,Sound,177376.3806490585,240846.0858244961,2022
2022-02-24,114,233,Couple,42252.73684141514,202310.48465015087,2022
2022-03-29,110,79,Group,72579.39228080964,202078.8859078493,2022
2022-02-12,103,259,Sound,26496.5464359349,187286.910397538,2022
2022-03-28,102,406,Couple,45682.13402131804,163015.96713175718,2022
2022-02-13,108,23,Single,73981.45920861057,174288.8362646643,2022
2022-03-23,109,507,Sound,26293.80818497062,172902.85522050504,2022
2022-03-13,507,260,Sound,139027.1122893347,189896.16487884897,2022
2022-02-08,113,63,Single,46867.97018844704,180400.1702040136,2022
2022-01-20,106,422,Couple,72402.65234932545,224517.49403324723,2022
2022-01-31,121,411,Group,84767.92239212236,189954.498875523,2022
2022-02-05,121,162,Sound,71555.82979097233,181291.85722915735,2022
2022-02-06,116,409,Couple,62029.41492294033,174126.7628336083,2022
2022-03-19,115,357,Single,80173.65852229683,167873.21458008792,2022
2022-02-05,116,324,Sound,60081.66541909092,168756.57442163583,2022
2022-01-31,122,192,Sound,77759.24833975732,193367.4584102817,2022
2022-02-01,240,415,Couple,98402.81150152246,169287.23102264013,2022
2022-02-05,130,1,Group,54432.723959474795,215258.23648018483,2022
2022-02-08,213,67,Single,115133.66434649393,165235.3348113736,2022
2022-02-02,102,414,Single,41021.25312982946,162632.06470780447,2022
2022-01-25,114,508,Single,46551.29707729575,201708.76659248117,2022
2022-02-04,505,452,Single,193602.19091127935,182937.6706091743,2022
2022-02-19,107,275,Single,65628.99474745095,165509.45252412837,2022
2022-02-14,116,98,Couple,61906.15731104839,170577.09100308456,2022
2022-03-01,130,412,Couple,62582.16371410875,216765.1043356713,2022
2022-03-14,240,420,Single,111785.97924373225,171234.97732946463,2022
2022-02-02,116,220,Group,59849.69495093112,168414.0575151816,2022
2022-02-01,122,368,Single,72020.1002539028,189273.32213596813,2022
2022-03-02,114,508,Group,46434.46570214587,202455.83267791104,2022
2022-03-19,122,504,Group,68862.66246824968,193383.65185496677,2022
2022-01-15,505,477,Sound,189514.76984086455,179057.90608153958,2022
2022-01-25,337,190,Sound,154064.57687585044,189585.43474016897,2022
2022-03-03,216,327,Couple,122842.03276469948,205788.07802099548,2022
2022-03-30,105,115,Group,54039.25249575732,196924.13736495748,2022
2022-03-01,116,435,Group,60515.041750173594,170745.24818310328,2022
2022-01-30,113,257,Couple,54283.80512216236,187527.1963860728,2022
2022-02-13,117,248,Sound,50585.91690475604,188068.1057175435,2022
2022-03-05,105,168,Couple,64180.60669582678,204820.19324110076,2022
2022-02-05,109,140,Couple,32646.073002243455,178172.32958055753,2022
2022-02-02,102,438,Couple,44750.184141584454,167702.8487311732,2022
2022-02-28,108,397,Couple,68067.8800807129,174111.217237466,2022
2022-02-28,110,289,Group,75707.62232608526,204136.7742370665,2022
2022-03-08,505,4,Couple,188090.09803905257,176976.64666809235,2022
2022-03-15,114,268,Sound,48424.98305623696,203061.8874643622,2022
2022-02-13,118,235,Sound,49959.62407646708,175318.47642724868,2022
2022-02-14,102,181,Sound,42890.89848789832,164437.18780532386,2022
2022-03-17,240,388,Single,98404.16195479,166231.46219354123,2022
2022-02-23,114,21,Single,51428.072235271975,199422.31653883215,2022
2022-01-18,110,59,Sound,74299.73249754013,195104.0867474852,2022
2022-02-09,101,391,Group,33316.04470139669,202327.22026969583,2022
2022-02-10,533,460,Couple,163024.5019099948,168033.42776904628,2022
2022-02-17,121,294,Couple,79324.23154101422,180921.80322885327,2022
2022-01-29,116,341,Single,63813.81115400168,176292.8508326467,2022
2022-02-14,207,214,Single,116015.96701930824,193850.81382945832,2022
2022-01-19,222,492,Single,127322.45827294615,174804.05539143458,2022
2022-03-13,118,281,Group,42169.600114755725,179207.60953266453,2022
2022-01-24,102,213,Sound,42269.62848418832,171860.75099391676,2022
2022-01-24,110,236,Couple,82759.06183340488,208342.84248121548,2022
2022-01-23,115,13,Couple,83602.0372772785,169758.99595779087,2022
2022-02-14,108,397,Sound,67139.77576676266,173595.52039513364,2022
2022-01-26,229,451,Sound,105876.07734213152,206391.50571322627,2022
2022-02-25,126,536,Sound,78860.81131371694,216636.8941212548,2022
2022-02-10,113,333,Sound,58821.44380173751,187053.49395309857,2022
2022-01-26,102,213,Group,43047.119858971666,170011.69440002088,2022
2022-03-28,118,436,Group,36507.32012032175,178842.62382532097,2022
2022-01-18,122,322,Single,63494.824699570294,189828.03133047093,2022
2022-03-18,,418,Single,79859.86113373045,220534.76181528345,2022
2022-03-24,118,531,Group,36416.71575114342,175443.80359528214,2022
2022-02-25,116,479,Group,64240.682960907754,170228.1559480261,2022
2022-02-26,128,489,Group,44099.68865703384,207685.52711580973,2022
2022-03-12,124,224,Single,59427.053395023206,218366.57111482788,2022
2022-02-24,118,201,Sound,39500.65226081648,183080.8725270331,2022
2022-02-24,116,244,Couple,66533.75492157575,168749.91804829147,2022
2022-03-25,109,346,Couple,27710.696308391707,174016.5376272453,2022
2022-03-28,121,269,Single,75787.4788181458,187297.4097683504,2022
2022-01-24,526,347,Single,134874.95998184508,164974.61040737852,2022
2022-02-03,229,315,Single,102331.44842836433,204079.2345746113,2022
2022-02-27,102,243,Sound,39038.07301451854,161048.16609573923,2022
2022-02-24,224,254,Group,88862.41433523738,204083.62886606905,2022
2022-03-08,326,128,Single,173441.30956941156,234066.5895866044,2022
2022-01-17,213,67,Couple,112873.20229968226,169840.72704775166,2022
2022-03-31,254,400,Single,86585.58842075263,211242.70390425625,2022
2022-02-26,533,494,Single,164088.90085648515,168134.97906223964,2022
2022-03-23,121,267,Couple,83924.24459558498,185355.56007717084,2022
2022-02-11,117,407,Group,55648.206783654154,190939.29189530853,2022
2022-03-12,240,88,Group,98216.54414200128,176275.82230299804,2022
2022-03-22,121,282,Group,77576.94734794064,183499.7205512868,2022
2022-01-16,108,383,Single,66066.52698047362,175414.89656594954,2022
2022-03-25,121,367,Group,86777.62028673817,184785.96321356017,2022
2022-03-14,531,37,Group,129917.1282905848,160558.45403466187,2022
2022-03-23,105,68,Single,56931.367526112066,194637.5021728296,2022
2022-02-08,113,431,Sound,54267.892913972944,181801.29293746225,2022
2022-03-16,121,367,Group,82868.23528615813,186945.02322725207,2022
2022-01-17,121,195,Single,77902.58403395409,189820.65102495343,2022
2022-03-07,337,335,Single,153016.11587476757,187843.93913675935,2022
2022-03-06,122,433,Couple,65520.20643720038,193001.07038895972,2022
2022-03-31,105,410,Sound,53274.482925060685,205012.6663615005,2022
2022-01-22,128,553,Sound,39660.370709359224,207720.9746758556,2022
2022-03-18,202,461,Group,96018.3109731392,215163.92919783015,2022
2022-01-15,122,182,Group,71356.16832756276,193186.72359802853,2022
2022-03-23,216,423,Group,121654.47727122772,202672.00680451095,2022
2022-02-14,121,446,Group,78060.41053952395,190320.2367538055,2022
2022-02-10,110,280,Group,84136.21225138754,207735.18365974352,2022
2022-02-19,121,459,Group,71614.34439374575,183546.75793004967,2022
2022-01-29,128,350,Couple,51360.653056890485,208266.07779066823,2022
2022-01-21,213,132,Sound,119499.08779119134,165997.89025073498,2022
2022-03-04,130,412,Sound,60981.3615928207,215814.197458094,2022
2022-03-06,122,372,Sound,65917.7406882139,185070.79555710033,2022
2022-01-30,115,227,Group,83386.44239302159,163911.12965570576,2022
2022-01-26,217,457,Couple,114171.06863922514,204196.28994771,2022
2022-03-10,110,215,Sound,70837.2902339795,195125.4495867249,2022
2022-01-31,202,200,Couple,95061.73935863117,212139.16357234027,2022
2022-01-28,103,32,Couple,31306.25500977454,180977.71719955467,2022
2022-03-30,210,159,Single,117185.70106177311,176825.08451972157,2022
2022-03-29,121,459,Couple,71729.76453037345,182696.82544680775,2022
2022-02-24,110,40,Sound,72516.56682853923,195368.2815322131,2022
2022-03-18,128,489,Single,48152.31250322235,208635.01317013707,2022
2022-03-05,108,373,Sound,74008.4347077765,177883.2641878575,2022
2022-02-09,116,136,Sound,60270.082615273786,174369.26654124726,2022
2022-02-23,248,265,Sound,114231.47117862783,172654.16155863833,2022
2022-02-21,308,131,Group,178004.00732520755,236626.89381746668,2022
2022-01-19,526,506,Sound,135939.21282607398,158796.69239179604,2022
2022-01-22,121,192,Group,74681.12153419635,186760.39858001095,2022
2022-01-24,122,118,Couple,71253.18003287788,191983.94477838464,2022
2022-03-14,229,14,Single,99308.09480506676,203168.9029076537,2022
2022-01-24,229,264,Couple,101707.80137848613,200029.8303862568,2022
2022-01-20,130,412,Single,62259.36993452108,214823.11730283775,2022
2022-03-06,105,149,Sound,63179.02365550463,194826.43869559933,2022
2022-03-20,102,126,Couple,38962.22776451106,159163.94934074394,2022
2022-02-18,121,367,Sound,82536.87327302378,185459.6289157048,2022
2022-03-20,110,464,Sound,75814.2827615709,205879.48358982988,2022
2022-03-02,103,91,Couple,28536.928486582052,190051.3767967597,2022
2022-03-17,240,388,Couple,95508.04773064256,165998.6088137366,2022
2022-01-16,213,371,Couple,110802.68324324858,162131.2918214528,2022
2022-01-27,531,47,Group,135543.54165625616,158329.99474456254,2022
2022-02-04,121,455,Couple,71380.00017745819,186237.53364302684,2022
2022-03-11,102,212,Group,40305.12178191119,167351.26717951428,2022
2022-03-26,121,382,Couple,76839.22668057516,182070.7245446248,2022
2022-03-08,116,475,Single,62117.2891108527,178841.85845250823,2022
2022-03-17,109,425,Couple,36863.56369528701,175124.54653184488,2022
2022-02-23,312,481,Single,160169.73163308238,240038.25009672623,2022
2022-02-09,213,67,Couple,119116.88822908093,167928.42333181016,2022
2022-01-25,125,354,Single,78942.75482017189,165169.5359636331,2022
2022-02-14,114,508,Sound,47824.09492350879,199392.8980542496,2022
2022-01-17,122,417,Group,73132.72411079743,191828.95542917773,2022
2022-03-21,118,164,Group,47799.530390014,180397.58657539356,2022
2022-02-04,122,24,Sound,66655.63612124976,186757.229060472,2022
2022-02-14,130,412,Sound,62926.16935264344,215883.5661206646,2022
2022-02-02,216,548,Sound,118646.85949485542,203894.51098387505,2022
2022-02-14,235,284,Couple,107762.44004173415,209895.68246923853,2022
2022-01-19,213,495,Single,123649.20700692218,166441.3895711722,2022
2022-03-12,110,3,Single,74859.74017484822,194753.92673263792,2022
2022-03-04,128,268,Couple,51629.03007505383,208182.18367726545,2022
2022-03-04,505,392,Couple,195335.1791893553,180433.87193480972,2022
2022-02-18,122,134,Sound,78974.16542669285,191920.01277123857,2022
2022-03-24,108,23,Sound,72940.30781129711,176133.45536306407,2022
2022-02-25,118,470,Couple,54001.988868092725,175320.70278681628,2022
2022-02-10,108,247,Couple,68214.84150268925,168900.57274706103,2022
2022-02-20,505,117,Sound,187084.25859338112,177064.45803443156,2022
2022-02-02,109,379,Sound,30029.213177074373,174997.9170635026,2022
2022-03-29,117,292,Single,55615.55011719011,190285.97164906096,2022
2022-03-05,130,276,Couple,63540.483323784254,215932.3255159771,2022
2022-03-19,103,54,Single,36523.172740560025,180601.8040151326,2022
2022-03-25,122,322,Group,64052.65491634223,189315.5931860162,2022
2022-03-27,107,275,Sound,65668.36480858165,164184.86834673584,2022
2022-02-19,121,382,Sound,77383.2268785534,180627.967869428,2022
2022-03-12,122,81,Group,69263.4140383599,186614.84739871696,2022
2022-03-07,202,95,Group,91646.80790289148,211129.5180566078,2022
2022-01-17,121,195,Single,79401.66048400891,188201.8455015784,2022
2022-02-22,240,111,Couple,102959.3823178592,173687.025180866,2022
2022-02-27,105,157,Sound,60166.95621415239,194185.76141068529,2022
2022-02-04,115,227,Single,83708.24304206081,163773.19330767076,2022
2022-01-24,531,156,Single,129204.05415318458,160808.27346734516,2022
2022-01-17,227,176,Sound,95684.73331707038,206352.1412127912,2022
2022-02-14,308,403,Couple,178287.96732644833,238459.47522336245,2022
2022-03-22,121,267,Single,84280.22845475817,184889.5445648795,2022
2022-02-15,240,125,Couple,102637.57503488717,164150.3455419438,2022
2022-02-19,118,185,Sound,54910.47150621904,174704.4480404565,2022
2022-01-20,110,74,Sound,80558.69397425714,210058.85971084144,2022
2022-03-13,227,550,Sound,94487.47500365422,199611.9580088388,2022
2022-01-26,326,547,Group,174470.95451000932,235262.43074651156,2022
2022-01-18,110,59,Group,74478.3516940337,194271.68207914196,2022
2022-03-27,118,97,Sound,41197.90039248187,178720.2553058928,2022
2022-03-29,216,5,Single,115904.88498104566,202637.08271462657,2022
2022-01-29,110,280,Couple,83604.8151450614,205902.8657678226,2022
2022-02-01,207,468,Couple,112900.5727574216,194602.00082114805,2022
2022-02-26,120,549,Sound,40734.96562061799,174406.09249938093,2022
2022-02-25,507,524,Group,140687.02852788748,188855.1855047578,2022
2022-03-21,122,433,Group,66585.44879114375,192851.80606933404,2022
2022-02-08,108,484,Group,70483.67924753155,172770.2293681996,2022
2022-02-03,128,295,Single,48394.01108223242,209214.84971927945,2022
2022-03-08,121,170,Single,82608.41309528211,188525.98884249103,2022
2022-01-21,116,244,Sound,64165.34658032584,169591.06729949825,2022
2022-03-11,114,441,Single,49225.9303636914,204931.4028042499,2022
2022-02-20,249,453,Sound,109750.6653574461,161148.82550999895,2022
2022-03-21,130,1,Sound,53979.72193540269,214801.62553578988,2022
2022-03-26,113,333,Sound,58630.24704824925,186931.0404802356,2022
2022-01-22,109,346,Couple,28666.916177300896,173432.18090950418,2022
2022-02-12,113,6,Group,56811.71811568376,183682.39471886863,2022
2022-01-15,239,88,Sound,94230.08059193158,178379.98665391468,2022
2022-02-28,114,441,Single,49146.96862252405,205226.21039401088,2022
2022-01-15,221,274,Group,98568.40060387668,215907.71354267932,2022
2022-01-17,102,143,Couple,44483.01224035917,167481.2293577874,2022
2022-03-16,118,228,Group,46566.31564025409,177302.9859930687,2022
2022-01-23,207,242,Single,118528.3615767862,196941.74105529953,2022
2022-03-31,105,149,Single,63279.434209226165,194186.8082179036,2022
2022-02-08,113,431,Couple,54588.95612809829,181870.63724658825,2022
2022-02-15,103,57,Group,28886.233243575072,183931.25099281035,2022
2022-02-24,121,267,Single,83953.40535091092,184375.0455654757,2022
2022-03-30,121,411,Group,84627.93663615189,187798.68284711428,2022
2022-03-08,240,456,Single,87094.07463309512,162128.6468897015,2022
2022-01-18,115,114,Single,85994.66186300486,168584.30873338785,2022
2022-03-17,253,283,Group,105912.66982839274,166579.3896225365,2022
2022-03-12,130,487,Group,60190.07305542282,211866.3871503342,2022
2022-03-18,130,487,Group,57714.16444792766,211200.4667250216,2022
2022-02-05,130,1,Group,54709.87992696457,215866.2403698256,2022
2022-03-04,113,84,Group,59515.02118723234,188978.0631101327,2022
2022-03-13,240,238,Group,110737.92834789737,169041.50738433935,2022
2022-02-13,222,377,Single,129212.05759778008,180350.24847594745,2022
2022-02-08,124,224,Sound,59462.82075179492,218677.0058055576,2022
2022-03-22,102,263,Single,44625.14856912078,164470.34665554296,2022
2022-02-21,117,93,Single,46316.09041386592,194593.39194103796,2022
2022-01-31,102,212,Single,36187.844894914786,165250.990660158,2022
2022-01-15,109,379,Group,41598.28596043655,176841.9832299035,2022
2022-02-22,106,337,Group,71453.86733666858,217725.24743421655,2022
2022-01-27,337,539,Group,150783.3838380636,189984.8192555569,2022
2022-02-01,239,445,Single,96798.35588547616,177486.68040937837,2022
2022-02-09,213,194,Single,115899.59400749444,160830.4287978895,2022
2022-02-24,122,258,Couple,64018.10749941479,185994.33391503245,2022
2022-03-18,507,408,Couple,141441.7346548038,193105.7257025838,2022
2022-03-12,109,379,Single,40829.224593608626,178193.65952996258,2022
2022-02-27,108,484,Group,73876.378015687,173639.45134620927,2022
2022-03-11,109,425,Group,31905.749663181166,169843.91326995753,2022
2022-01-15,213,92,Group,111335.13693023304,164214.10208847374,2022
2022-03-17,118,228,Couple,42312.839437616145,175684.02588573657,2022
2022-02-20,121,69,Sound,79507.39712320853,181751.2329963092,2022
2022-01-15,221,274,Group,97900.79986716184,216367.62898922712,2022
2022-02-22,216,103,Couple,121992.1191846272,205173.74192174055,2022
2022-02-18,240,521,Sound,105045.54384426295,165162.57670833915,2022
2022-01-29,254,364,Group,87556.05468599405,205045.46260196625,2022
2022-02-04,102,174,Couple,38016.18909490555,165439.4850779362,2022
2022-02-11,102,243,Single,36411.52184950953,162653.35389510822,2022
2022-03-12,102,237,Group,57084.31609144731,167216.05789344572,2022
2022-02-13,116,220,Group,60293.142743105185,167950.3678686926,2022
2022-02-03,210,178,Sound,111784.6522423654,180148.57405134945,2022
2022-03-12,124,224,Single,60229.38099470099,218938.30756203175,2022
2022-02-20,526,27,Single,135076.33316460135,162019.69752716366,2022
2022-01-22,213,122,Sound,111338.80973563551,168073.50190606248,2022
2022-03-09,102,291,Group,34526.43944290708,166664.2636378901,2022
2022-02-28,122,17,Group,66907.86433136355,183037.55782350432,2022
2022-03-23,113,129,Couple,55748.981320368766,181564.68151084427,2022
2022-01-30,114,508,Group,47819.55107985843,200694.15827833116,2022
2022-03-21,113,349,Single,57259.32710349707,181677.65745135024,2022
2022-03-29,213,310,Group,113394.5171087193,163975.09576423373,2022
2022-02-09,213,44,Group,122840.6744659748,171326.24832449108,2022
2022-01-27,121,78,Group,81428.31499890615,188817.78224620223,2022
2022-02-24,122,81,Single,66055.7204171333,180481.2502933079,2022
2022-01-17,202,515,Single,89974.33058941428,213565.1185455481,2022
2022-02-11,117,407,Group,55694.329885689425,189410.13909126632,2022
2022-03-25,102,535,Couple,49158.64385268657,163431.35511255078,2022
2022-02-13,102,296,Couple,51755.24749784608,169462.70443341043,2022
2022-02-26,110,308,Single,67543.38938418555,198382.0515127778,2022
2022-02-03,128,295,Group,48594.63012782838,208932.5156800244,2022
2022-01-16,102,143,Couple,44464.07114748028,166351.20585565548,2022
2022-02-03,210,178,Sound,112268.9147896331,178781.19285219163,2022
2022-02-17,,288,Couple,63832.36317361782,178620.57304925658,2022
2022-03-17,110,287,Couple,80565.55240660418,206895.4749867525,2022
2022-03-16,126,469,Group,77941.45735218172,219312.81202043872,2022
2022-02-15,118,228,Sound,56083.04821321358,180223.4854460666,2022
2022-03-17,114,508,Couple,46861.39362469698,199129.26187831908,2022
2022-02-11,108,336,Group,75741.0832561539,174798.62529070769,2022
2022-01-16,110,35,Single,65861.84958889571,197930.70995785017,2022
2022-01-17,114,331,Group,42041.400090793395,202781.59027731977,2022
2022-03-29,531,270,Couple,131026.00109811062,157417.84603432938,2022
2022-02-05,130,107,Single,59948.926261402434,210490.515285166,2022
2022-02-14,102,143,Sound,46379.798306936325,162160.0170246316,2022
2022-02-14,102,261,Single,57525.209088721895,166062.79912704322,2022
2022-02-11,337,428,Single,152435.7946401995,191895.02840190008,2022
2022-01-17,122,322,Single,63767.261115514106,190182.4958936954,2022
2022-01-15,507,429,Sound,146123.78081379202,191298.390640012,2022
2022-03-29,122,42,Sound,73600.01574657825,188480.4219993297,2022
2022-03-08,213,58,Single,109765.35206950596,165209.08516725525,2022
2022-02-19,122,148,Single,66113.30956546626,180686.19146292095,2022
2022-03-29,128,489,Group,47578.59192958151,209443.4197531613,2022
2022-01-25,114,508,Single,49341.03544435072,199108.64852807485,2022
2022-02-03,121,411,Couple,86137.849378866,187784.77343675497,2022
2022-01-24,102,213,Single,42129.55111353737,171664.65341493487,2022
2022-02-14,221,394,Sound,101011.5661108232,212420.9365080856,2022
2022-02-05,240,223,Couple,103810.50169070892,170918.26161006093,2022
2022-02-01,213,67,Sound,120035.13621187264,168838.7714604903,2022
2022-03-29,239,542,Group,91924.28267976812,171332.74318017066,2022
2022-02-12,105,46,Sound,59075.62011196095,203157.28997649252,2022
2022-03-20,113,209,Group,52251.62563385973,186924.68992237377,2022
2022-02-18,110,137,Group,82902.86705042663,195417.723510365,2022
2022-01-23,122,161,Sound,69458.49863821069,189294.7267731428,2022
2022-01-19,526,506,Group,135974.39061279228,160192.3276319215,2022
2022-03-24,122,351,Group,66148.98977629817,189851.02736822143,2022
2022-03-12,113,209,Sound,51647.575883017504,187721.75705008768,2022
2022-02-26,108,246,Couple,72232.26886064574,174258.3344534561,2022
2022-03-17,113,53,Group,56882.940703216314,186245.005975388,2022
2022-03-30,122,104,Couple,66671.42016961073,187587.35961932596,2022
2022-02-08,115,114,Sound,86598.93302879672,165747.10013574082,2022
2022-02-07,102,212,Couple,41349.19016775672,166925.33086604066,2022
2022-02-02,223,302,Couple,107348.3951943111,184009.0948301237,2022
2022-03-01,121,305,Group,80955.10786611457,187666.28930488508,2022
2022-02-17,118,77,Single,42241.098314041024,182775.99275964964,2022
2022-03-18,103,91,Sound,30214.046278745125,188237.6934194481,2022
2022-02-15,110,316,Group,78972.17289652678,200525.94572035316,2022
2022-01-23,,460,Group,164959.34594489684,170198.5977407312,2022
2022-01-31,108,373,Couple,71619.14672177006,175922.99243218824,2022
2022-01-18,235,319,Single,105869.32946392104,203800.947660828,2022
2022-01-24,505,188,Sound,188306.90504511193,179899.80747963954,2022
2022-02-28,124,180,Group,67627.57197490726,222327.24020151235,2022
2022-01-15,121,230,Group,83932.69254102017,192643.42929724697,2022
2022-03-20,105,165,Group,51012.79575257494,206511.76309394464,2022
2022-02-10,128,183,Sound,42287.94111019827,209086.04078466815,2022
2022-02-10,122,499,Single,71788.46319443878,190428.44011191372,2022
2022-02-22,240,528,Sound,100414.7483112258,174160.16495302692,2022
2022-02-15,,125,Couple,96518.36415639696,159241.5579986861,2022
2022-01-25,114,508,Single,45891.618364769034,202502.30604374036,2022
2022-02-16,121,389,Couple,78251.66230506262,178393.25191530306,2022
2022-02-14,108,397,Group,67162.47611486695,173311.898837219,2022
2022-01-17,102,143,Group,44791.65051194823,167182.3298092112,2022
2022-03-10,110,215,Couple,71145.49026284013,197597.85269530304,2022
2022-03-10,130,314,Group,57578.50222553991,215981.5266153114,2022
2022-03-02,110,28,Couple,80837.37057560765,208366.7545861816,2022
2022-01-21,254,364,Sound,86724.95171941433,209664.27207377928,2022
2022-02-05,109,140,Group,33119.28120469136,178673.64622816816,2022
2022-01-17,229,517,Sound,107430.465392837,203958.4103177134,2022
2022-01-31,115,465,Single,77722.07861808383,169769.8565283632,2022
2022-03-24,130,120,Group,55818.88128984076,209793.87295629643,2022
2022-01-31,116,244,Group,66088.82007127033,169775.5037412094,2022
2022-01-31,235,284,Sound,108532.36504450938,209541.79007009417,2022
2022-03-10,240,108,Sound,91550.34224116948,161103.48340229876,2022
2022-02-14,221,326,Group,99745.65869630608,213876.9207413597,2022
2022-02-12,102,31,Group,42971.426917796474,168375.00199980196,2022
2022-01-16,202,514,Single,91955.38198212846,214717.5483374773,2022
2022-01-15,102,523,Couple,34107.030902316095,166937.8963178564,2022
2022-02-04,207,468,Couple,113687.52056591822,195663.69733340852,2022
2022-02-21,103,321,Couple,37149.03576988516,180495.7474205056,2022
2022-02-27,118,167,Couple,53771.51377723852,175644.2681076089,2022
2022-02-21,207,502,Group,110315.73379393396,199059.06810153555,2022
2022-03-12,217,187,Single,113153.04374213476,206968.0096978424,2022
2022-02-08,118,537,Sound,46829.26679857192,180027.54491876252,2022
2022-02-09,122,81,Single,67109.34532841905,193326.45626550168,2022
2022-02-20,505,188,Sound,188784.8533500274,179235.79608289897,2022
2022-03-15,114,189,Group,49597.09143358363,197619.60451052335,2022
2022-02-16,116,51,Couple,60651.82438739427,175669.73626003787,2022
2022-02-21,535,355,Sound,200226.9767429034,175392.5915431967,2022
2022-02-12,505,163,Group,195121.16358021033,185014.96205560584,2022
2022-01-31,122,203,Sound,78221.05390809836,193668.73775014377,2022
2022-02-13,106,434,Couple,72496.24377541285,213828.23648329824,2022
2022-02-03,102,378,Single,47489.09046660968,173604.51315620448,2022
2022-03-01,110,65,Single,79336.80762836254,206919.6159820957,2022
2022-02-11,122,34,Group,66948.54240517318,192609.37968989555,2022
2022-03-20,122,462,Group,63699.87015522312,186399.73344477452,2022
2022-01-15,109,379,Sound,41215.38392100223,178033.533211153,2022
2022-02-24,216,96,Couple,119938.2533518116,201942.06593661103,2022
2022-02-24,114,233,Group,42617.681316948394,202518.7442282988,2022
2022-03-16,102,143,Sound,42265.85761487771,161923.42355272546,2022
2022-01-24,239,8,Single,90567.06631497268,173100.7954906877,2022
2022-03-04,130,276,Group,67473.26005350634,212143.31889858283,2022
2022-03-12,110,40,Group,72571.06561137212,194884.20727814548,2022
2022-02-28,113,232,Group,57621.252291280514,179680.41299165692,2022
2022-02-05,118,393,Couple,43149.171017841945,175415.74360523,2022
2022-03-29,122,42,Single,74545.33465507165,189058.54886824917,2022
2022-03-27,122,322,Couple,60915.97920670625,190242.46041183543,2022
2022-01-18,113,257,Group,53982.2052673342,181676.9659290472,2022
2022-01-25,122,134,Single,69387.20760466512,186097.4175595399,2022
2022-01-19,118,537,Couple,46135.93745860152,177983.07730426453,2022
2022-03-03,533,460,Single,163548.6652137295,166603.132200554,2022
2022-03-31,110,66,Sound,78014.64513888398,196687.62379364576,2022
2022-02-18,121,367,Sound,82170.40015548073,183933.9540142566,2022
2022-03-08,116,288,Single,64207.255922550714,178505.6468827296,2022
2022-02-24,122,42,Sound,73300.80074297244,188517.86593465784,2022
2022-03-16,115,71,Single,83667.2492123105,170900.86345425807,2022
2022-02-04,128,183,Sound,40538.17514711723,207802.51170632988,2022
2022-03-13,216,352,Group,121946.82739355513,201986.7219769852,2022
2022-03-26,128,206,Couple,45088.11634664658,210448.01086249296,2022
2022-02-21,108,336,Couple,71371.39115227365,174975.5658712741,2022
2022-02-10,526,503,Sound,142060.6528800272,162304.9988670582,2022
2022-02-27,118,470,Group,48761.81691272394,176081.1077993149,2022
2022-03-02,106,30,Group,76482.21137274688,216258.80452689156,2022
2022-03-11,326,155,Couple,175046.33734207784,238884.3901610617,2022
2022-01-17,121,162,Sound,71893.96436398868,181095.55542504697,2022
2022-01-15,110,510,Single,70785.2948824591,199755.91346908547,2022
2022-02-15,121,459,Couple,79118.76918297885,185341.35757087264,2022
2022-01-31,102,212,Sound,35958.05724909804,165158.63247667998,2022
2022-03-08,103,286,Sound,32983.77281254096,182703.6598601984,2022
2022-02-18,229,62,Single,98937.02663236544,205454.9229150824,2022
2022-02-01,105,374,Group,56952.15272459507,201872.77028080545,2022
2022-03-01,110,216,Group,76764.834136648,200998.99700185936,2022
2022-03-28,526,27,Couple,134490.59193887652,160115.90127447154,2022
2022-03-27,245,363,Sound,88415.86166728265,185810.81505695172,2022
2022-03-14,213,285,Group,113889.95732308546,163636.67774038948,2022
2022-02-07,248,265,Sound,115558.2933824504,171846.83373660594,2022
2022-01-23,121,545,Sound,72708.76623716802,184497.8043889543,2022
2022-03-07,122,342,Couple,75419.88151005768,193412.972260572,2022
2022-01-16,108,373,Couple,73652.08243343877,177874.4084406672,2022
2022-01-24,102,213,Sound,43202.63849892313,170771.2372328192,2022
2022-03-22,505,188,Couple,188296.28498951512,179943.8881245181,2022
2022-01-27,118,77,Group,46190.33160223591,183392.6644492494,2022
2022-02-16,116,324,Couple,60048.58632510741,170949.04407172743,2022
2022-02-16,130,317,Sound,55770.30158127881,209762.58132886607,2022
2022-01-15,103,486,Couple,35509.786515203945,184144.933107025,2022
2022-02-24,109,256,Single,35235.61514765816,171373.8714224929,2022
2022-03-18,118,537,Group,47143.19740243176,182960.88563577924,2022
2022-01-21,540,145,Group,155745.38168500306,178348.18981174286,2022
2022-02-02,240,311,Group,99087.836096047,166629.7413315419,2022
2022-01-26,109,297,Couple,36228.69511726625,168239.46989555098,2022
2022-03-28,213,310,Couple,112077.199962031,164803.44948018529,2022
2022-02-05,130,1,Group,54921.80103198512,214844.8788893176,2022
2022-03-27,245,363,Group,86819.56582284885,185947.13169088497,2022
2022-03-24,235,541,Group,106557.40042278096,209633.0436995076,2022
2022-03-10,116,409,Couple,63162.779823058794,174333.268219674,2022
2022-03-07,240,540,Couple,96943.94613571024,164301.98121613916,2022
2022-03-20,235,219,Sound,102512.61155172234,207651.4521995075,2022
2022-01-28,240,398,Couple,103154.10804384688,168101.13978362922,2022
2022-02-17,109,256,Couple,30183.34740748757,171900.25184202194,2022
2022-02-11,122,192,Sound,72372.1907138331,188454.23542916216,2022
2022-03-19,110,520,Couple,71308.21283065336,208764.52912946045,2022
2022-03-09,122,192,Group,77739.81313632516,193376.7333809249,2022
2022-03-01,130,277,Group,56321.60940327725,215611.64397159684,2022
2022-03-14,239,542,Single,90379.75141816949,171670.60758766904,2022
2022-03-14,116,250,Group,55543.64310660356,172879.51551001146,2022
2022-02-10,232,150,Couple,100721.21040076629,186195.8553443486,2022
2022-03-17,108,23,Sound,73832.18279062456,176019.04779571574,2022
2022-02-10,240,473,Sound,100635.7277398148,169556.6043775417,2022
2022-03-16,118,228,Group,42027.83971102585,174825.4116623383,2022
2022-02-16,229,543,Group,99139.04970651958,198845.03103851152,2022
2022-02-17,114,268,Couple,48560.98054223803,201771.817259877,2022
2022-02-15,245,85,Group,88940.12551398546,186418.0933935177,2022
2022-01-21,121,483,Group,80606.8732831463,179363.80558317155,2022
2022-03-06,240,440,Single,104546.6921536097,173391.44270944316,2022
2022-01-24,239,75,Single,91993.02026132688,177452.34291450586,2022
2022-01-17,121,195,Group,77447.95794460754,190265.5035029557,2022
2022-01-21,102,300,Single,44559.691731800776,169895.29891125485,2022
2022-03-28,117,430,Single,47316.90689980122,194848.21173223387,2022
2022-02-10,232,150,Single,99115.68525417637,185964.79413087852,2022
2022-03-15,118,228,Sound,53394.30812682239,177334.90869236086,2022
2022-03-14,105,171,Sound,59926.87700590039,202693.72178897448,2022
2022-03-08,308,196,Single,179590.35134305357,237225.6556802662,2022
2022-02-04,122,25,Single,76407.85239077338,190913.20701729972,2022
2022-03-12,308,403,Single,178018.24676065013,239837.4610836422,2022
2022-03-21,128,183,Group,42888.460774266714,208927.43470210116,2022
2022-02-02,224,273,Sound,89175.81060417573,212065.20304932352,2022
2022-02-08,105,518,Couple,63993.18228126051,198500.15908671636,2022
2022-02-23,115,13,Group,83675.87702910406,169254.32813619915,2022
2022-03-03,110,65,Group,79536.5167032832,207673.0132694095,2022
2022-01-21,108,373,Group,72215.23789100489,175705.48124307767,2022
2022-01-31,128,253,Sound,41986.14881801538,204537.74604171145,2022
2022-02-04,207,468,Group,112538.30699811265,195436.3198552169,2022
2022-02-23,312,481,Sound,160268.91391998972,239654.72195444163,2022
2022-02-21,337,428,Group,150535.0734590575,190501.3093859227,2022
2022-02-07,107,2,Sound,72636.58475573824,165679.958842827,2022
2022-02-22,128,206,Group,46354.30319165252,209502.98001214585,2022
2022-02-04,107,275,Single,65183.532792909784,165647.54130682908,2022
2022-01-28,240,223,Single,102122.30663611216,171314.6521294359,2022
2022-03-31,,277,Single,57692.60527423334,215558.6569202412,2022
2022-03-01,308,498,Single,176046.0261285819,240911.2143864315,2022
2022-03-06,121,282,Group,76512.56541059089,182114.41997188516,2022
2022-02-23,240,208,Sound,108026.82029637076,175378.22563843895,2022
2022-02-01,108,484,Couple,74054.9426321836,174076.76391354203,2022
2022-03-20,110,202,Couple,67365.20974453868,198809.09718464225,2022
2022-02-01,113,18,Sound,59248.87248134776,179524.50868955813,2022
2022-01-17,128,240,Sound,48456.56412990639,210737.39781813323,2022
2022-03-09,125,226,Group,80426.8419482598,158860.40444941167,2022
2022-03-03,240,519,Group,103403.64053284956,167842.04501089826,2022
2022-03-03,128,130,Sound,43826.05851216431,209862.0801101569,2022
2022-02-12,326,197,Couple,171953.00580555052,232287.83817319383,2022
2022-02-14,308,403,Group,177861.1142115061,238504.7569733532,2022
2022-01-17,118,340,Single,52386.43422241211,174429.7010254031,2022
2022-03-13,240,61,Sound,102961.44032779988,169043.33003644552,2022
2022-03-29,109,127,Group,33863.586398422674,171510.36330029368,2022
2022-03-14,106,434,Sound,72664.34453444486,213340.486522506,2022
2022-01-16,221,273,Couple,97910.47723802064,213927.8991141226,2022
2022-02-18,128,338,Group,39438.97358997924,205987.29653629195,2022
2022-02-11,109,19,Sound,26933.913745968443,177678.59517547395,2022
2022-01-24,209,405,Single,106902.38073698692,211078.6091780495,2022
2022-02-18,109,358,Group,36325.103823754005,171283.74433307908,2022
2022-02-23,533,36,Couple,166361.38162406455,169014.55291481502,2022
2022-03-03,202,514,Sound,90879.37642107536,213798.41597677115,2022
2022-02-26,105,330,Single,62929.5285049401,193152.54410242848,2022
2022-01-25,125,354,Couple,78736.50228877841,162640.99767788313,2022
2022-02-14,113,232,Sound,59760.3934876094,181569.47259232868,2022
2022-03-26,118,531,Couple,35894.42797915585,178087.84286306612,2022
2022-02-24,254,41,Couple,86856.94235472634,208613.36703537963,2022
2022-02-27,108,336,Couple,72092.36303153582,174239.52280098293,2022
2022-02-26,122,192,Single,77765.47761472267,193035.20911147073,2022
2022-03-04,128,444,Group,39320.58471593601,205837.91969016008,2022
2022-03-05,101,52,Couple,24803.36190761873,197164.15796138812,2022
2022-03-11,114,172,Group,44862.630310222754,197196.97576164268,2022
2022-01-25,109,19,Sound,27922.249299205432,178746.6558533674,2022
2022-03-08,213,67,Group,119392.40387229808,170830.3578701485,2022
2022-01-23,209,450,Sound,105430.42070749396,217638.5218814239,2022
2022-03-13,505,124,Sound,195492.13981194329,182256.95289991237,2022
2022-02-25,103,10,Single,31478.42491409504,180602.17174383253,2022
2022-03-12,222,512,Couple,131059.40036846737,179599.51878155023,2022
2022-03-03,102,384,Sound,43091.81989434123,166597.54210710898,2022
2022-02-17,122,390,Group,81087.70669653555,189542.87261381932,2022
2022-03-21,128,489,Group,48205.28868984182,210442.5934963515,2022
2022-03-20,102,291,Single,35135.15439880776,165719.4274626216,2022
2022-02-26,116,435,Couple,62671.88993416677,170836.60824998748,2022
2022-02-22,116,475,Couple,63800.101817853574,176743.33069135342,2022
2022-03-31,240,249,Single,107583.9434709787,170521.20059469528,2022
2022-01-27,118,235,Group,49665.26323390797,175438.899445395,2022
2022-02-14,505,416,Sound,190919.77927138912,176731.52502869535,2022
2022-02-06,110,179,Couple,81740.5816039039,205506.88057101797,2022
2022-01-15,107,87,Group,72532.26201094683,162511.8727343809,2022
2022-02-28,526,538,Sound,141381.81583326744,160768.27118782047,2022
2022-03-11,128,206,Couple,44748.40277036013,209556.75803486817,2022
2022-03-02,213,194,Single,116352.95036552523,163437.4545234181,2022
2022-02-27,229,264,Sound,100882.20748252646,200540.7131548766,2022
2022-01-25,240,415,Sound,99619.74069816351,170386.61842989363,2022
2022-02-17,235,532,Couple,107953.4323468727,206642.5845055459,2022
2022-03-21,128,183,Group,46175.6468084167,205900.0420377301,2022
2022-03-01,102,126,Single,42782.02128974428,162928.95119573735,2022
2022-03-25,105,115,Group,55170.71481461635,198128.35807477217,2022
2022-03-23,213,58,Single,111808.45449508067,165461.35686883423,2022
2022-01-15,110,280,Sound,84566.0312690739,205858.5810480416,2022
2022-01-28,122,231,Single,71234.80993806157,191058.4885519147,2022
2022-01-27,,449,Sound,134277.15631723375,189485.58707897735,2022
2022-03-06,121,282,Group,75101.48988797211,181734.35050786845,2022
2022-03-02,,123,Group,198090.51351221863,182458.7625528304,2022
2022-01-24,105,76,Single,58135.417816514775,195334.9272749964,2022
2022-03-17,326,395,Sound,172593.52281466182,233507.94827584736,2022
2022-03-06,213,67,Sound,118597.19399138197,170776.28672991693,2022
2022-02-17,,99,Couple,24052.444057932807,190031.16960816176,2022
2022-02-08,109,346,Single,26625.61784147186,173492.4521824671,2022
2022-02-17,,99,Group,23897.66577111013,190732.0067319665,2022
2022-03-12,110,289,Single,74182.22215715384,203902.9639458256,2022
2022-01-16,239,421,Couple,95657.915333112,179611.70254561398,2022
2022-03-19,531,534,Sound,131773.39520324644,162561.9109320063,2022
2022-03-11,116,324,Couple,59940.26231893092,169775.3814010499,2022
2022-03-28,113,222,Group,58342.14598230133,188376.64717504568,2022
2022-03-13,216,103,Sound,120050.42494877044,201421.01228963677,2022
2022-03-11,122,42,Sound,75179.18210543224,189250.702453929,2022
2022-02-19,312,245,Sound,157343.69154542696,236101.13155068175,2022
2022-01-17,221,516,Single,103743.90600540364,216002.79644326027,2022
2022-01-28,102,143,Group,42046.057089228954,161466.59254787304,2022
2022-03-22,109,256,Single,35250.591237643646,170402.52349005174,2022
2022-03-19,210,43,Couple,116129.37369585612,181328.2759363996,2022
2022-03-07,507,272,Couple,144258.55739603844,187484.1014224626,2022
2022-01-19,533,407,Group,163834.95772076095,168116.85201224498,2022
2022-03-04,118,235,Group,50010.07485066567,175332.39148291107,2022
2022-01-21,222,251,Sound,126732.70212033216,172442.65898463782,2022
2022-01-24,239,407,Sound,91318.64714421604,170356.83033288922,2022
2022-03-14,326,529,Couple,172613.52572914664,234911.54616574664,2022
2022-03-09,308,133,Single,176348.0697185789,241888.80210527775,2022
2022-02-26,120,443,Group,39872.39397194855,173764.2055065576,2022
2022-03-28,308,131,Single,178449.62671552552,237636.2665613219,2022
2022-02-15,222,309,Sound,133494.762654324,172314.44490005262,2022
2022-03-26,115,357,Couple,80913.34097549018,167825.54184262734,2022
2022-02-12,224,359,Single,87688.85331444436,203346.9329076633,2022
2022-01-31,526,480,Couple,139847.66221577395,168427.67470335495,2022
2022-03-06,122,305,Single,70958.79223419532,188631.16591545288,2022
2022-02-09,308,175,Group,179490.28145703403,239766.86957391072,2022
2022-02-22,505,152,Couple,192427.6977792408,180206.0650596777,2022
2022-02-18,113,345,Single,60607.67899904949,186186.95534749795,2022
2022-02-25,507,524,Couple,138354.36204904557,186607.23143391497,2022
2022-01-21,115,325,Group,83073.82153959684,160850.0278775096,2022
2022-01-26,254,364,Single,87109.26586790715,208695.9790053405,2022
2022-02-10,108,247,Sound,67502.50995809677,169226.91651680227,2022
2022-03-19,103,505,Single,28381.819987083552,184194.0629963428,2022
2022-03-10,525,509,Group,144547.95932134197,184174.95209278353,2022
2022-03-20,118,110,Couple,50500.26316629851,178165.12821405847,2022
2022-03-09,105,76,Group,57307.584369045406,198187.83553431928,2022
2022-03-10,110,424,Couple,71490.17525341045,196216.95085759833,2022
2022-03-05,122,342,Single,62795.02966483943,186435.50167267583,2022
2022-02-13,108,23,Sound,74814.90286625788,174146.36466406193,2022
2022-01-27,116,250,Group,58037.38648321701,172404.92017410416,2022
2022-03-09,113,84,Single,59224.0865070655,191492.77587564848,2022
2022-03-11,307,278,Sound,195976.10773421967,232836.1760383183,2022
2022-02-04,108,490,Couple,70393.96021443675,177145.51930110902,2022
2022-03-15,113,53,Group,56265.55016490485,184933.12522104755,2022
2022-02-19,122,544,Sound,73453.3232334665,187312.1118703084,2022
2022-03-04,213,285,Couple,114144.7048665921,163058.28183174506,2022
2022-01-17,121,195,Single,79854.07634130244,188910.82526697032,2022
2022-03-16,213,194,Single,117233.20282617754,160377.04498715606,2022
2022-03-02,240,540,Couple,96342.69744067467,163398.59459578805,2022
2022-02-17,239,542,Single,93714.19553958497,175532.5723640062,2022
2022-02-17,110,74,Couple,80408.53666722694,209487.82831392065,2022
2022-01-18,121,109,Sound,78713.23738588343,186768.72197771535,2022
2022-01-25,227,522,Sound,95372.0336551987,199216.61047523937,2022
2022-02-20,213,67,Sound,120002.33204732832,171518.55977671407,2022
2022-01-26,221,365,Single,100833.97256992648,215620.8070151452,2022
2022-03-26,128,206,Couple,46193.65957901982,209679.45360306185,2022
2022-01-16,102,147,Group,43864.991008274155,167002.27959591616,2022
2022-03-09,240,528,Group,98875.26990674234,174255.51125905663,2022
2022-02-22,253,125,Couple,102936.874673594,164789.592465261,2022
2022-01-19,202,413,Couple,96839.68041128908,213427.4788937522,2022
2022-03-01,130,271,Sound,61084.746525210416,211701.16887003276,2022
2022-03-31,116,51,Couple,61463.6956437614,177773.12111112103,2022
2022-03-06,213,67,Sound,118086.39715189362,170774.85301141348,2022
2022-03-12,108,90,Group,66182.55228566086,172688.60858732462,2022
2022-02-14,114,304,Group,47349.41389070588,196225.0681256512,2022
2022-03-16,115,71,Sound,83825.5679199429,170990.80397975072,2022
2022-02-27,110,177,Couple,78764.8240755789,203856.73940794077,2022
2022-02-15,121,526,Group,83386.55614656821,173221.72399690095,2022
2022-03-24,229,229,Sound,102786.25276616566,202379.0307790143,2022
2022-02-28,130,323,Couple,59811.45763686123,213082.95317317825,2022
2022-01-22,505,416,Sound,190574.33789440567,176571.25273228064,2022
2022-01-19,526,506,Sound,137397.23439205097,160573.5531029459,2022
2022-02-08,122,42,Sound,69461.56332684106,184645.610291183,2022
2022-03-31,122,81,Sound,70245.00360059775,187756.2651421819,2022
2022-03-25,114,16,Group,50908.47536407077,197440.5975474622,2022
2022-03-10,110,215,Single,71186.1206484202,194913.09042688645,2022
2022-02-06,505,123,Group,198021.195693016,184549.91503570697,2022
2022-01-23,115,493,Single,82068.50715211613,165681.18925311975,2022
2022-02-08,113,431,Single,53226.60266124508,182265.7897546878,2022
2022-02-24,224,318,Couple,89913.3668789129,205398.25728164893,2022
2022-02-26,117,472,Single,55866.08875441662,189981.8489069529,2022
2022-02-08,121,305,Sound,73889.7608357505,185930.5630710749,2022
2022-01-31,239,376,Couple,96429.06524856336,179185.5957696177,2022
2022-02-05,128,295,Couple,49141.397563060935,209928.94004513416,2022
2022-02-12,240,249,Sound,107732.36665004448,168125.33796843048,2022
2022-03-05,122,552,Couple,76369.63530622091,192034.40970472895,2022
2022-03-06,105,149,Group,64980.80149480274,193046.10152386967,2022
2022-03-12,102,225,Single,53160.44449404854,169604.2000170527,2022
2022-03-12,128,199,Group,40669.309851493075,205044.6406509634,2022
2022-03-13,533,121,Single,163825.5256720837,171671.19746789895,2022
2022-01-29,209,369,Group,109219.01579761744,212896.28919889312,2022
2022-02-27,240,454,Single,106100.21363618804,175205.04901310522,2022
2022-01-17,118,173,Couple,41364.445165606754,182446.43776989635,2022
2022-03-10,108,490,Single,67635.31522931207,176824.6262202859,2022
2022-02-23,110,112,Couple,82214.70833556098,198260.65820039436,2022
2022-02-13,117,248,Single,50778.87629834509,188073.44657494128,2022
2022-01-25,109,19,Single,27223.049732159063,178159.24697243795,2022
2022-02-12,109,379,Sound,31295.07895769663,174702.3281055102,2022
2022-02-09,312,89,Couple,160698.3552001994,237380.02777330577,2022
2022-02-22,240,540,Group,93435.97231631336,165621.2711227201,2022
2022-02-16,526,301,Sound,140260.77682681303,154571.1258099014,2022
2022-01-30,240,15,Group,107259.47072478836,171827.09449123032,2022
2022-03-11,209,450,Group,105829.93255284136,217945.80166423784,2022
2022-01-27,103,486,Group,34961.9389914201,183691.45282435697,2022
2022-03-06,109,127,Couple,33497.39174090055,170654.52143180743,2022
2022-01-23,105,217,Couple,57208.51602676336,201145.8171745697,2022
2022-02-08,106,313,Sound,72093.59465558505,222468.6930055637,2022
2022-03-22,116,344,Single,62152.500836919295,170009.8942223331,2022
2022-02-16,,426,Sound,60329.923908173805,208325.15762505587,2022
2022-01-31,209,369,Couple,109182.53422460827,212313.07352813057,2022
2022-02-11,232,513,Sound,103598.5159594858,186283.69291021768,2022
2022-03-29,108,399,Single,69173.54874011353,170774.8229877893,2022
2022-02-10,109,427,Couple,32982.11978511051,173914.22105755564,2022
2022-02-03,105,76,Single,56549.971323418154,197950.92410027236,2022
2022-01-23,533,439,Group,167542.4820339154,169657.44717053883,2022
2022-02-27,110,476,Group,73469.33439954498,205811.3810169818,2022
2022-03-17,240,388,Group,96790.48864333614,165813.12210665178,2022
2022-03-25,121,294,Sound,80562.99182435684,179354.60678817518,2022
2022-02-03,116,70,Group,65692.68962043052,165948.85854639765,2022
2022-02-24,118,393,Sound,43446.88492457209,176548.5036781812,2022
2022-01-22,248,265,Couple,113917.8687279235,173951.51970912702,2022
2022-03-07,121,411,Group,85631.23223148898,189798.80851378385,2022
2022-02-04,207,468,Single,112553.4941688198,194828.63035686873,2022
2022-02-07,216,511,Couple,122318.84923809535,202388.29737051015,2022
2022-03-31,118,228,Couple,55172.67874300547,178741.60991709586,2022
2022-02-14,308,60,Single,179185.1587881069,241888.19837294705,2022
2022-02-27,120,221,Group,39501.263206375545,175424.42485147063,2022
2022-03-14,113,151,Couple,47510.41926198914,183569.9580577165,2022
2022-02-08,115,114,Group,86633.01541392569,165938.29735056404,2022
2022-02-17,540,145,Couple,154777.47706233396,187172.3989683818,2022
2022-02-16,102,300,Group,45230.06857471701,170048.71035180986,2022
2022-03-21,207,153,Single,112983.09792998024,196824.4640325336,2022
2022-03-14,253,125,Group,103267.26644633996,165160.8394732112,2022
2022-03-31,239,542,Sound,93347.10392549228,175537.87979924865,2022
2022-03-15,115,466,Sound,79488.53383097403,166965.5623902399,2022
2022-03-07,121,459,Sound,73903.60061278011,184506.7796431845,2022
2022-03-03,117,533,Sound,41231.73056889449,183115.80943495128,2022
2022-03-31,116,500,Sound,58863.27394968715,177495.61778230593,2022
2022-03-03,102,384,Sound,43436.69411706428,166048.0747872535,2022
2022-02-19,531,270,Couple,129896.13260485652,161366.1885674456,2022
2022-03-12,118,432,Sound,45361.55875775225,182043.1009157188,2022
2022-02-27,110,476,Couple,74597.51081832855,205339.66863528543,2022
2022-02-16,240,527,Couple,102159.1496537358,168610.16486207675,2022
2022-02-23,105,116,Single,61205.17713453322,194110.3967801174,2022
2022-01-28,105,168,Sound,65382.51258309229,201175.44783595577,2022
2022-02-28,124,180,Single,67192.97596273615,221729.5886676367,2022
2022-03-11,114,172,Sound,45113.49163257409,196335.5680139773,2022
2022-01-26,213,385,Couple,113020.0175202852,169594.7696449766,2022
2022-02-23,130,551,Sound,53321.404792540285,212419.97600348663,2022
2022-03-26,121,334,Group,76297.82768487092,179588.33263614774,2022
2022-01-16,326,395,Sound,172502.21870511462,233946.77626826335,2022
2022-02-07,118,77,Couple,43754.09639776089,179933.7627672786,2022
2022-03-06,110,464,Group,75205.18260684659,206326.9174708631,2022
2022-03-26,113,333,Single,58871.96198619195,187030.28349563107,2022
2022-02-27,229,264,Single,100673.0496003451,200986.28892502468,2022
2022-03-01,122,118,Sound,70697.94777935438,181981.38925768808,2022
2022-03-30,113,211,Sound,54640.814259577994,183394.8227384137,2022
2022-01-30,107,186,Group,75451.69426280285,161903.55608879402,2022
2022-03-09,,40,Sound,73838.81390061614,196156.34566047508,2022
2022-01-19,121,269,Couple,75619.26301869891,187546.2406017473,2022
2022-03-25,207,56,Couple,116415.84906055148,194411.5371917542,2022
2022-02-14,113,232,Group,59808.684290590405,182574.64730611723,2022
2022-02-06,103,32,Couple,31095.269255922656,181645.25082784612,2022
2022-02-27,118,228,Single,44835.17444431159,178280.10716108792,2022
2022-02-04,,299,Single,156188.70723169768,160066.39145014528,2022
2022-02-07,224,463,Couple,86759.33146771636,201632.83412532977,2022
2022-02-16,102,291,Sound,34542.2681070977,165441.8212376209,2022
2022-02-22,216,103,Couple,120639.6803443475,205208.1481334129,2022
2022-03-21,122,533,Single,64553.256766044215,186754.0907141101,2022
2022-02-25,130,158,Group,56578.344579280136,211109.84153661877,2022
2022-01-25,122,134,Sound,65616.37222242734,192681.26326635387,2022
2022-02-17,122,305,Sound,74854.26959521862,190392.18408279773,2022
2022-03-13,113,496,Sound,60285.53300667112,190023.95065385755,2022
2022-03-18,109,160,Group,30751.059114368953,170654.64702001028,2022
