species,day,month,year,decimal_longitude,decimal_latitude
Bont zandoogje,11,4,2011,2.554461832400411,51.1402529653348
Dagpauwoog,11,4,2011,2.6178975216671825,51.15218103902414
Grote vos,11,4,2011,2.5903712201490996,51.07208940896206
Klein geaderd witje,11,4,2011,2.685869351690635,51.023450157763435
Klein koolwitje,11,4,2011,2.5766923868190497,51.12234383674338
Kleine parelmoervlinder,11,4,2011,2.6041656038817016,51.08432256595231
Dagpauwoog,18,4,2011,2.584452939694747,51.10917550695129
Klein geaderd witje,18,4,2011,2.6081373534724115,51.015436809901146
Klein koolwitje,18,4,2011,2.5835025247745214,51.09443678932264
Kleine parelmoervlinder,18,4,2011,2.666618049154058,51.14156193413771
Dagpauwoog,21,4,2011,2.505577445598319,51.05015742384828
Groot dikkopje,21,4,2011,2.6273102376703172,51.03558513314463
Groot koolwitje,21,4,2011,2.637782130492851,51.02590590423904
Grote vos,21,4,2011,2.548334608003497,51.11444530819543
Klein geaderd witje,21,4,2011,2.496047915574163,51.1669237924926
Klein koolwitje,21,4,2011,2.5797560961544512,51.00752942931838
Kleine parelmoervlinder,21,4,2011,2.513452308354899,51.01837152738124
Atalanta,6,5,2011,2.6029895670339465,51.10221722793765
Groot koolwitje,6,5,2011,2.5216471522208304,51.08391870010644
Hooibeestje,6,5,2011,2.559767860230058,51.14283607915975
Klein geaderd witje,6,5,2011,2.5398625283595173,51.05548476732336
Klein koolwitje,6,5,2011,2.6847985000908374,51.15443724600598
Kleine parelmoervlinder,6,5,2011,2.6496846658270803,50.999406003179026
Atalanta,30,5,2011,2.673190847886726,50.98857759416103
Bruin zandoogje,30,5,2011,2.586917671430856,51.104526621447874
Kleine parelmoervlinder,30,5,2011,2.6839918120857327,51.079248911114405
Atalanta,26,6,2011,2.5104968926962465,51.03436504804529
Bont zandoogje,26,6,2011,2.5251898100692776,51.067392861582334
Distelvlinder,26,6,2011,2.5292831302713603,51.13920375776477
Groot dikkopje,26,6,2011,2.645375998234376,51.14851586112752
Groot koolwitje,26,6,2011,2.574949170704931,51.16070731572807
Klein geaderd witje,26,6,2011,2.5902633151598273,51.06582207378931
Klein koolwitje,26,6,2011,2.638893082886934,50.980382864521815
Kleine parelmoervlinder,26,6,2011,2.6704634864442047,51.11932656655088
Kleine vos,26,6,2011,2.6579275446571407,51.108661114023995
Koevinkje,26,6,2011,2.632108631366864,51.031105563854794
Atalanta,30,6,2011,2.6253986129630356,51.02050208167173
Bont zandoogje,30,6,2011,2.5827929318509995,51.169967161789536
Dagpauwoog,30,6,2011,2.6823322761896997,51.0135729718674
Gehakkelde aurelia,30,6,2011,2.5907714400067925,51.040041685914616
Groot dikkopje,30,6,2011,2.6077386380732057,51.00674331781454
Groot koolwitje,30,6,2011,2.6208501098770647,51.17822996896692
Klein geaderd witje,30,6,2011,2.600027278307825,51.031687639253214
Klein koolwitje,30,6,2011,2.623926440635696,51.09230934699997
Kleine parelmoervlinder,30,6,2011,2.4982147091161457,51.0127069632709
Koevinkje,30,6,2011,2.621417321367189,51.13908832298591
Atalanta,31,7,2011,2.6641647959686816,51.0437113309931
Bont zandoogje,31,7,2011,2.551199283460155,51.163119749277826
Boomblauwtje,31,7,2011,2.535638940390199,51.12722464359365
Bruin blauwtje,31,7,2011,2.655087281586602,51.16799407733604
Bruin zandoogje,31,7,2011,2.5093968228064476,51.05142810677178
Dagpauwoog,31,7,2011,2.5534681976400315,51.065434108879415
Distelvlinder,31,7,2011,2.6338988718204197,51.128256908170876
Groot koolwitje,31,7,2011,2.5119531746581196,51.08796444634907
Icarusblauwtje,31,7,2011,2.6514684217143802,51.11331572865136
Klein koolwitje,31,7,2011,2.6745181342214344,51.12789393683895
Kleine parelmoervlinder,31,7,2011,2.536620805840939,51.092758570956065
Oranje zandoogje,31,7,2011,2.563333927243948,51.10960515795276
Bruin blauwtje,9,8,2011,2.6580777819361536,51.05498933901079
Bruin zandoogje,9,8,2011,2.5490761373750863,51.03683292406611
Gehakkelde aurelia,9,8,2011,2.5994638116657733,51.04871622600592
Groot koolwitje,9,8,2011,2.4930389896128324,50.996523109376426
Klein geaderd witje,9,8,2011,2.6314570755790916,51.169191295113414
Kleine parelmoervlinder,9,8,2011,2.609323327858001,51.11188927755691
Bruin zandoogje,16,8,2011,2.501995368544012,51.000584510313345
Groot koolwitje,16,8,2011,2.509612829526886,51.15340706847608
Heivlinder,16,8,2011,2.6771581367682664,51.00756373984739
Hooibeestje,16,8,2011,2.6717034897394476,51.048043824192135
Icarusblauwtje,16,8,2011,2.68781061722897,51.132760035218666
Klein geaderd witje,16,8,2011,2.6763284878898412,50.99990267769434
Klein koolwitje,16,8,2011,2.5011028429586437,51.15376755350269
Kleine parelmoervlinder,16,8,2011,2.6794718056079,50.997390692606565
Oranje zandoogje,16,8,2011,2.5348121866676956,51.06416910935193
Bruin blauwtje,19,8,2011,2.596413679616526,50.9808345825132
Hooibeestje,19,8,2011,2.60260928241536,51.14103187138215
Klein geaderd witje,19,8,2011,2.523949065161869,51.095708570182325
Klein koolwitje,19,8,2011,2.57199743097648,51.08957443099469
Kleine parelmoervlinder,19,8,2011,2.5736005852092054,51.143367683347314
Bont zandoogje,3,9,2011,2.5843104667123407,51.084700917145234
Bruin blauwtje,3,9,2011,2.5136750418320295,51.13260156951844
Hooibeestje,3,9,2011,2.6874446453154084,51.056181677635756
Icarusblauwtje,3,9,2011,2.533994893366471,51.07748131642118
Klein geaderd witje,3,9,2011,2.6527630511764437,51.055452160369605
Klein koolwitje,3,9,2011,2.5564773222990334,51.081533676730466
Kleine parelmoervlinder,3,9,2011,2.5108060471806675,50.98623613796197
Kleine vuurvlinder,3,9,2011,2.616957293692976,51.112330795237796
Atalanta,16,9,2011,2.552310623936355,51.04782389697618
Klein geaderd witje,16,9,2011,2.687287771385163,51.16259399407543
Klein koolwitje,16,9,2011,2.5856585404463113,51.120224706055595
Kleine parelmoervlinder,16,9,2011,2.584149709586054,51.066097674304615
Bruin blauwtje,29,9,2011,2.588305145371705,51.06762882621959
Dagpauwoog,29,9,2011,2.583001282168552,51.0143061259482
Icarusblauwtje,29,9,2011,2.5848170263320207,51.07042900833301
Klein koolwitje,29,9,2011,2.5612954450398684,51.11647067011334
Kleine parelmoervlinder,29,9,2011,2.6395690507348624,51.081930942200124
Bont zandoogje,25,5,2012,2.5417918645404276,51.12395214738324
Distelvlinder,25,5,2012,2.662964082378894,51.131067256275564
Groot koolwitje,25,5,2012,2.551644355859607,51.117946445681156
Hooibeestje,25,5,2012,2.6168787642475215,51.151558172022924
Icarusblauwtje,25,5,2012,2.6661914771050212,51.09972794006578
Klein geaderd witje,25,5,2012,2.640075618363917,51.06931731213815
Klein koolwitje,25,5,2012,2.6422085219621656,51.155602882402015
Kleine vuurvlinder,25,5,2012,2.5930820081476122,51.17431998897344
Oranjetipje,25,5,2012,2.6172533608134834,51.10732101888396
Atalanta,14,6,2012,2.491922210352495,51.02687436358072
Bruin blauwtje,14,6,2012,2.583699306761846,51.040701598832385
Distelvlinder,14,6,2012,2.549595952508971,51.12716521152295
Groot dikkopje,14,6,2012,2.6394017319753766,51.156924780476835
Klein geaderd witje,14,6,2012,2.5983396615460514,51.12359938772395
Kleine parelmoervlinder,14,6,2012,2.6742365644406525,51.056349571440364
Kleine vos,14,6,2012,2.585052244281396,51.065549389012155
Bruin blauwtje,20,6,2012,2.5901874150708317,51.121278533823784
Groot dikkopje,20,6,2012,2.6888325358368457,51.057828870667144
Hooibeestje,20,6,2012,2.648965914323926,51.00885190998204
Icarusblauwtje,20,6,2012,2.604378508925438,51.09738605792634
Klein geaderd witje,20,6,2012,2.61491971347481,51.13616346010938
Kleine parelmoervlinder,20,6,2012,2.54879348446615,51.13583322336897
Kleine vos,20,6,2012,2.5524048095196483,51.04182738011703
Atalanta,22,7,2012,2.587139409277588,51.072321803374216
Bont zandoogje,22,7,2012,2.6158972351439296,51.11594239410013
Bruin blauwtje,22,7,2012,2.528207984063774,50.98230686753057
Bruin zandoogje,22,7,2012,2.595019904207438,51.14934610218741
Dagpauwoog,22,7,2012,2.568355245804414,51.02440771364607
Groot dikkopje,22,7,2012,2.5929410772025583,51.11663220782764
Groot koolwitje,22,7,2012,2.558760303221643,51.16591559724882
Heivlinder,22,7,2012,2.6354553947784005,50.98435864068568
Hooibeestje,22,7,2012,2.6896697564609346,51.09406781100668
Klein geaderd witje,22,7,2012,2.640336615461856,51.16322951481678
Klein koolwitje,22,7,2012,2.6659477108716962,51.11117154827341
Kleine parelmoervlinder,22,7,2012,2.6493954452779143,51.06000668422319
Oranje zandoogje,22,7,2012,2.6516719684097914,51.04964803212322
Atalanta,26,7,2012,2.642276859804988,51.01063725139946
Bont zandoogje,26,7,2012,2.6683899880945683,51.15460778616369
Bruin blauwtje,26,7,2012,2.625343330958858,51.00491417010315
Bruin zandoogje,26,7,2012,2.4991110579203815,51.027566628735514
Groot koolwitje,26,7,2012,2.5041220124438404,51.150928008854386
Klein geaderd witje,26,7,2012,2.534838185049593,51.07443610706366
Klein koolwitje,26,7,2012,2.5755777829885482,51.11298547118902
Kleine parelmoervlinder,26,7,2012,2.607424824181944,51.0238076811377
Oranje zandoogje,26,7,2012,2.529088677521795,50.99691330550238
Bont zandoogje,10,8,2012,2.545530550330877,51.154875444965434
Bruin blauwtje,10,8,2012,2.50424805521965,51.04346529615111
Bruin zandoogje,10,8,2012,2.68219381022267,51.088840955048795
Dagpauwoog,10,8,2012,2.657939776694402,51.05880393974483
Gehakkelde aurelia,10,8,2012,2.567175847068429,51.040930503206326
Groot koolwitje,10,8,2012,2.682264700355008,51.154789453949775
Heivlinder,10,8,2012,2.50752617014572,51.10906485078856
Hooibeestje,10,8,2012,2.655753642423078,51.16342871912755
Icarusblauwtje,10,8,2012,2.5355256250686944,51.16971792669035
Klein geaderd witje,10,8,2012,2.6804610810801384,51.164561087563634
Klein koolwitje,10,8,2012,2.6117743740882724,51.14089826007373
Kleine parelmoervlinder,10,8,2012,2.5491828698758034,51.0465626751259
Kleine vos,10,8,2012,2.605668249130249,51.17352885787375
Kleine vuurvlinder,10,8,2012,2.6158097407408056,51.072322476115076
Oranje zandoogje,10,8,2012,2.590212346203625,51.10669626805
Atalanta,17,8,2012,2.524321390232071,51.069340634131805
Bont zandoogje,17,8,2012,2.5879455990251152,51.0443656885717
Bruin blauwtje,17,8,2012,2.505686090197414,51.14060678809881
Bruin zandoogje,17,8,2012,2.4970772560313343,51.00891140258871
Dagpauwoog,17,8,2012,2.5011870101187377,51.01399636903778
Gehakkelde aurelia,17,8,2012,2.6194998585246503,51.02438624153845
Hooibeestje,17,8,2012,2.6872054749727248,51.15363255578093
Icarusblauwtje,17,8,2012,2.6225414129998534,50.99180455451831
Klein geaderd witje,17,8,2012,2.6279522832576183,51.1775452683866
Klein koolwitje,17,8,2012,2.5349982818216086,51.00794543243944
Kleine parelmoervlinder,17,8,2012,2.4967856604699046,51.11294102041982
Kleine vos,17,8,2012,2.6088378163147716,51.172759990459305
Oranje zandoogje,17,8,2012,2.575129680903628,51.042406074116
Bruin blauwtje,26,8,2012,2.6704597101174294,51.150170858595516
Hooibeestje,26,8,2012,2.5802314325328917,51.09803868645802
Icarusblauwtje,26,8,2012,2.6864110870845614,51.17758352343924
Kleine parelmoervlinder,26,8,2012,2.5606287459935992,51.08027373326011
Kleine vos,26,8,2012,2.5904393177106977,51.01674759683199
Koevinkje,26,8,2012,2.5606132592633366,51.094924301067365
Bruin blauwtje,1,9,2012,2.531654073819518,51.04234935685061
Groot koolwitje,1,9,2012,2.574378689248115,51.13760131673887
Heivlinder,1,9,2012,2.580543225593865,51.158846633294594
Hooibeestje,1,9,2012,2.502815287616104,51.06268731166608
Klein geaderd witje,1,9,2012,2.5548281657136975,50.99355239162222
Klein koolwitje,1,9,2012,2.592859304007143,50.98492210136726
Kleine parelmoervlinder,1,9,2012,2.5253251826483756,51.062449647365135
Kleine vuurvlinder,1,9,2012,2.6738863221928475,51.047517868150024
Atalanta,6,9,2012,2.6772988124378023,51.01623997727409
Bont zandoogje,6,9,2012,2.5830222576949744,51.0917456107866
Bruin blauwtje,6,9,2012,2.5732534126471727,51.06198347380385
Hooibeestje,6,9,2012,2.524367927443236,51.14089582485147
Klein geaderd witje,6,9,2012,2.519826219798997,51.142629925645885
Klein koolwitje,6,9,2012,2.5676885788422075,51.15428007526323
Kleine parelmoervlinder,6,9,2012,2.5539609518460926,51.074293268444016
Atalanta,27,6,2013,2.559050856307149,51.06600890352391
Bruin blauwtje,27,6,2013,2.5630350953526793,51.02508177391253
Hooibeestje,27,6,2013,2.631901311278343,51.16187085590325
Icarusblauwtje,27,6,2013,2.687861643042415,51.09813167757355
Klein geaderd witje,27,6,2013,2.557795222206041,51.09114204991609
Kleine parelmoervlinder,27,6,2013,2.4958204046916217,51.051918972488494
Kleine vos,27,6,2013,2.65044191615656,51.038007109863685
Groot dikkopje,8,7,2013,2.6859087945520876,51.00720705973916
Hooibeestje,8,7,2013,2.570738358013332,51.146405368922274
Kleine parelmoervlinder,8,7,2013,2.664932154919952,51.08496171559207
Kleine vos,8,7,2013,2.574195386059582,51.11910475713201
Koevinkje,8,7,2013,2.612377685084939,51.16278580023907
Atalanta,13,7,2013,2.6877090605534613,51.17586314945481
Bruin blauwtje,13,7,2013,2.586127332141623,51.04262210733257
Bruin zandoogje,13,7,2013,2.5776254379749295,51.06488924601115
Groot dikkopje,13,7,2013,2.613918379843235,51.00192175528034
Hooibeestje,13,7,2013,2.501878986144438,51.13104826390743
Kleine parelmoervlinder,13,7,2013,2.6150705244019625,51.08391458589583
Kleine vos,13,7,2013,2.6126603465154767,51.00255667168647
Koevinkje,13,7,2013,2.5829150227457283,50.99388944429345
Bruin blauwtje,22,7,2013,2.659929590448737,51.10993188682012
Dagpauwoog,22,7,2013,2.672448653690517,51.15713543996215
Groot dikkopje,22,7,2013,2.5554492839239535,51.09417988529429
Klein geaderd witje,22,7,2013,2.518080838918686,51.01449854496866
Klein koolwitje,22,7,2013,2.662869716165587,51.15474636412225
Kleine parelmoervlinder,22,7,2013,2.5824522885587067,51.01367101629265
Koevinkje,22,7,2013,2.5055591188929975,51.099901092443616
Oranje zandoogje,22,7,2013,2.605783062158152,51.08967304953374
Argusvlinder,28,7,2013,2.528729439722374,50.99299900612794
Atalanta,28,7,2013,2.5869115523621438,51.07318962167017
Bont zandoogje,28,7,2013,2.5256936078518626,51.059143801657484
Bruin blauwtje,28,7,2013,2.6334635531157256,51.03999207966961
Bruin zandoogje,28,7,2013,2.686474105026573,51.102240460012105
Dagpauwoog,28,7,2013,2.594350340133533,51.06615423082374
Groot dikkopje,28,7,2013,2.5398378988355397,51.00235018280335
Groot koolwitje,28,7,2013,2.521502655567601,50.998604164849965
Klein geaderd witje,28,7,2013,2.6126891582831737,51.08932515338063
Kleine parelmoervlinder,28,7,2013,2.586245112037286,51.10097311299294
Kleine vos,28,7,2013,2.6054315696097907,51.15070282492786
Koevinkje,28,7,2013,2.547417183741927,51.030989281851795
Oranje zandoogje,28,7,2013,2.631840068530291,51.13608519213274
Atalanta,6,8,2013,2.614057552590966,51.17360749940388
Bont zandoogje,6,8,2013,2.655037677530199,51.10361335647292
Boomblauwtje,6,8,2013,2.6885226140823213,51.02368550176732
Bruin blauwtje,6,8,2013,2.6199517213366925,51.098107834225516
Bruin zandoogje,6,8,2013,2.554928007684648,51.092909975182266
Dagpauwoog,6,8,2013,2.5392590387351808,51.0668437258061
Distelvlinder,6,8,2013,2.5595503088179976,51.08958335669711
Gehakkelde aurelia,6,8,2013,2.583241831799969,51.14338978270069
Groot koolwitje,6,8,2013,2.611838553296402,51.153495953250676
Heivlinder,6,8,2013,2.5620079609658566,51.12882463435642
Hooibeestje,6,8,2013,2.5152705752849576,51.02510547695681
Klein geaderd witje,6,8,2013,2.553530000299215,51.05461486728862
Klein koolwitje,6,8,2013,2.6884907143749297,51.019516665413974
Kleine parelmoervlinder,6,8,2013,2.5991454884503034,51.11819110523909
Kleine vuurvlinder,6,8,2013,2.672591827074066,51.12662484503351
Oranje luzernevlinder,6,8,2013,2.5513469616975635,51.04978569631464
Oranje zandoogje,6,8,2013,2.6216255351062863,50.99089061233215
Atalanta,12,8,2013,2.543927618265152,51.006875558774915
Bruin blauwtje,12,8,2013,2.6654253249149766,51.047912671016526
Bruin zandoogje,12,8,2013,2.6436031460855154,51.103181482497604
Dagpauwoog,12,8,2013,2.6523597857542334,51.03943129356019
Groot koolwitje,12,8,2013,2.628296757591888,51.072242648219685
Heivlinder,12,8,2013,2.607672152817249,50.983936512209475
Hooibeestje,12,8,2013,2.6773441555537283,51.16070774027146
Icarusblauwtje,12,8,2013,2.608976408522576,51.06033289429732
Klein geaderd witje,12,8,2013,2.6189612089749423,51.064814883535725
Klein koolwitje,12,8,2013,2.4928724156320095,51.030799429649484
Kleine parelmoervlinder,12,8,2013,2.572407825998962,51.13573773048818
Kleine vos,12,8,2013,2.6035635984130203,51.000512911723924
Oranje zandoogje,12,8,2013,2.5548577499203384,51.056968427980316
Zwartsprietdikkopje,12,8,2013,2.562719043679535,51.00981103151105
Bruin blauwtje,20,8,2013,2.6820958068221805,51.03964040015824
Bruin zandoogje,20,8,2013,2.6429315184801814,51.0302028722316
Heivlinder,20,8,2013,2.579307503402233,51.04048442102037
Hooibeestje,20,8,2013,2.605935100568458,51.17929572199471
Icarusblauwtje,20,8,2013,2.528820254104212,51.08897676278837
Klein geaderd witje,20,8,2013,2.601620830511674,51.07313122942112
Klein koolwitje,20,8,2013,2.538582965042442,51.136988365529106
Kleine parelmoervlinder,20,8,2013,2.686277612354606,51.005550249824296
Kleine vos,20,8,2013,2.676526009812951,51.170264194225894
Oranje luzernevlinder,20,8,2013,2.6008019489329306,51.0320015716087
Oranje zandoogje,20,8,2013,2.656436155326664,51.02482016079128
Oranjetipje,20,8,2013,2.656420415462926,51.034353628261016
Zwartsprietdikkopje,20,8,2013,2.6480684600863604,51.00205446036532
Bont zandoogje,30,8,2013,2.519378249682486,51.030159405730664
Bruin blauwtje,30,8,2013,2.4966571864299474,51.162092558452855
Bruin zandoogje,30,8,2013,2.6163624662999063,51.1588787166588
Heivlinder,30,8,2013,2.6680467668082564,51.09795718283392
Hooibeestje,30,8,2013,2.675818846710026,51.013019997365774
Icarusblauwtje,30,8,2013,2.6314523553103206,51.139685945464294
Klein geaderd witje,30,8,2013,2.6283212939370424,51.09830769972876
Klein koolwitje,30,8,2013,2.679675534097478,51.04006885250099
Kleine parelmoervlinder,30,8,2013,2.6365817261021585,51.14517362487502
Kleine vos,30,8,2013,2.629483330817893,51.03154228378087
Oranje zandoogje,30,8,2013,2.5774939052853734,51.12319559303112
Bont zandoogje,15,5,2014,2.677368030240759,51.133778579924254
Bruin blauwtje,15,5,2014,2.684053475372493,51.05708230763673
Dagpauwoog,15,5,2014,2.647174567086622,51.11534580930136
Gehakkelde aurelia,15,5,2014,2.497121900515631,51.17947447148151
Groot koolwitje,15,5,2014,2.6382565918937324,51.00340623377822
Hooibeestje,15,5,2014,2.5020064596645533,51.07875243557617
Klein geaderd witje,15,5,2014,2.5431348320655522,51.079444981385024
Klein koolwitje,15,5,2014,2.5204695842321962,51.064431541198864
Kleine parelmoervlinder,15,5,2014,2.6054590376187114,51.057840248961
Bont zandoogje,23,6,2014,2.5718733608815816,50.99616619639099
Bruin zandoogje,23,6,2014,2.632451576096937,51.07275272544473
Groot dikkopje,23,6,2014,2.5248681083880364,51.12918437083252
Groot koolwitje,23,6,2014,2.5905479515530168,50.99151657896116
Hooibeestje,23,6,2014,2.6865441718231886,51.17259663010016
Kleine parelmoervlinder,23,6,2014,2.5199773221369832,51.164104794543235
Kleine vos,23,6,2014,2.534047385593876,51.16694190322421
Koevinkje,23,6,2014,2.6761593747045844,51.09264420715161
Zwartsprietdikkopje,23,6,2014,2.5372140932455656,51.12030600297265
Atalanta,3,7,2014,2.5701514802034944,50.984207667242735
Bruin blauwtje,3,7,2014,2.5748798123188315,51.026712114755064
Bruin zandoogje,3,7,2014,2.5151258799340575,51.1572143126931
Groot dikkopje,3,7,2014,2.524606334473938,51.17768537683412
Groot koolwitje,3,7,2014,2.55449447767809,51.14733803749084
Hooibeestje,3,7,2014,2.6113461599778383,51.04811451897956
Icarusblauwtje,3,7,2014,2.671465573236346,50.98093233510852
Klein geaderd witje,3,7,2014,2.609807782303542,51.11015596470796
Kleine parelmoervlinder,3,7,2014,2.5843329092580825,50.98535656413995
Kleine vuurvlinder,3,7,2014,2.652101400690153,51.12171232674271
Koevinkje,3,7,2014,2.490510668894276,50.985402213148774
Oranje zandoogje,3,7,2014,2.6344778739940375,51.110860807653516
Zwartsprietdikkopje,3,7,2014,2.5309231546334923,51.12448205931112
Bont zandoogje,14,7,2014,2.5091096387803553,50.98656920117326
Bruin blauwtje,14,7,2014,2.6387465165555475,51.12493241435848
Bruin zandoogje,14,7,2014,2.6699687604419884,51.076579287527125
Dagpauwoog,14,7,2014,2.644581344220787,51.1685046093259
Gehakkelde aurelia,14,7,2014,2.6501086689624933,51.09429626205936
Groot koolwitje,14,7,2014,2.5300318064726888,51.00479163045063
Heivlinder,14,7,2014,2.5454314939305185,51.12441683515906
Hooibeestje,14,7,2014,2.5909211168624457,51.06612611894496
Icarusblauwtje,14,7,2014,2.6390607938729227,51.06751576552168
Klein geaderd witje,14,7,2014,2.5764294321276244,51.039194674063474
Klein koolwitje,14,7,2014,2.633578835017979,51.07571735588834
Oranje zandoogje,14,7,2014,2.6414836330432445,51.0717189325206
Atalanta,23,7,2014,2.5854739953391253,51.11780224104412
Bont zandoogje,23,7,2014,2.5858165267016737,50.98976065280847
Bruin blauwtje,23,7,2014,2.635685666287318,50.99435031369328
Bruin zandoogje,23,7,2014,2.5528353491425513,51.06490333938971
Hooibeestje,23,7,2014,2.517477594465017,51.077848187992345
Icarusblauwtje,23,7,2014,2.5008423678204417,51.166858803266656
Klein geaderd witje,23,7,2014,2.6083312825858593,51.01233148348518
Klein koolwitje,23,7,2014,2.67517853054218,51.09863907244988
Kleine parelmoervlinder,23,7,2014,2.6453975492250175,51.02288617577403
Kleine vos,23,7,2014,2.673006734680384,51.16062116475776
Oranje zandoogje,23,7,2014,2.6333353124186396,50.99406984948553
Atalanta,5,8,2014,2.494679432464763,51.07900664919987
Bont zandoogje,5,8,2014,2.6282680021226406,51.17410652178339
Bruin blauwtje,5,8,2014,2.563698529554531,51.0848424362205
Bruin zandoogje,5,8,2014,2.6866764911077916,51.07564068103209
Heivlinder,5,8,2014,2.5195697235967964,51.08893290224485
Hooibeestje,5,8,2014,2.533886674614623,51.17706957158632
Icarusblauwtje,5,8,2014,2.6489817415457217,51.062863596919925
Klein geaderd witje,5,8,2014,2.501818501865491,51.150438888436184
Kleine parelmoervlinder,5,8,2014,2.493783550625667,51.110566030833866
Oranje luzernevlinder,5,8,2014,2.6089885534811765,51.10944177207537
Bruin blauwtje,27,8,2014,2.529632916776463,51.001565854875366
Groot koolwitje,27,8,2014,2.563402966419235,51.14121149579994
Hooibeestje,27,8,2014,2.610182725787163,51.1120164875593
Klein geaderd witje,27,8,2014,2.5233232645876704,51.06197025577538
Klein koolwitje,27,8,2014,2.533261110689491,50.9887638000492
Kleine parelmoervlinder,27,8,2014,2.636713910717517,51.13410720277577
Kleine vuurvlinder,27,8,2014,2.547397180655971,51.012673091767354
Atalanta,12,9,2014,2.539153178418055,51.11901800680906
Bont zandoogje,12,9,2014,2.5170846844185144,51.09072492618114
Bruin blauwtje,12,9,2014,2.5636681214999406,51.017618036335335
Groot koolwitje,12,9,2014,2.610013199979439,51.12810569407418
Hooibeestje,12,9,2014,2.6225106839649377,51.17984424496069
Klein geaderd witje,12,9,2014,2.6093571729585525,51.13477319038473
Kleine parelmoervlinder,12,9,2014,2.532550881253555,51.14214196397923
Kleine vuurvlinder,12,9,2014,2.638479672614485,51.08577316768467
Bruin blauwtje,16,9,2014,2.5391950299590826,51.03013198750094
Bruin zandoogje,16,9,2014,2.636123453229666,50.98028820084408
Hooibeestje,16,9,2014,2.621732545699924,51.13815466120839
Icarusblauwtje,16,9,2014,2.6282935270201415,51.09714057768695
Kleine parelmoervlinder,16,9,2014,2.4921127096377313,51.10974751777947
Kleine vuurvlinder,16,9,2014,2.596078960886225,51.15691941815428
Atalanta,19,9,2014,2.556315146628767,51.06079394064844
Bont zandoogje,19,9,2014,2.6741378695797176,51.043651518104596
Bruin blauwtje,19,9,2014,2.4950412508659063,51.02280139589682
Dagpauwoog,19,9,2014,2.571506539741531,51.09238931152038
Hooibeestje,19,9,2014,2.5333134768158194,51.079585416773334
Icarusblauwtje,19,9,2014,2.54632017897442,51.01564784852788
Klein geaderd witje,19,9,2014,2.6538662808574736,51.00903721788898
Kleine parelmoervlinder,19,9,2014,2.6002522361092266,51.028449275363236
Kleine vuurvlinder,19,9,2014,2.6888805119879544,51.03477085518651
Atalanta,7,7,2015,2.6495451715867966,50.9886896284949
Bruin zandoogje,7,7,2015,2.585264671323821,51.04489807837643
Dagpauwoog,7,7,2015,2.6055881353653967,51.09693703085184
Heivlinder,7,7,2015,2.591863359706476,51.07347279206849
Klein geaderd witje,7,7,2015,2.667413629274815,51.10134209428914
Klein koolwitje,7,7,2015,2.536081354981288,51.0585407371819
Kleine parelmoervlinder,7,7,2015,2.606678473353386,51.12816573811695
Koevinkje,7,7,2015,2.684424089230597,51.076830424759535
Oranje zandoogje,7,7,2015,2.6882371035497634,50.983009875770655
Atalanta,10,7,2015,2.6695351225882766,51.067129292963074
Bont zandoogje,10,7,2015,2.5608769679535177,51.11589629442431
Bruin blauwtje,10,7,2015,2.5272465949505567,51.06506434801966
Bruin zandoogje,10,7,2015,2.656479512816295,51.17166386579163
Dagpauwoog,10,7,2015,2.6234242849610743,51.127734012920406
Distelvlinder,10,7,2015,2.497725657522678,51.1638277564384
Groot koolwitje,10,7,2015,2.5551517972350117,51.169604343893006
Heivlinder,10,7,2015,2.4949096820876,51.152980063222344
Klein geaderd witje,10,7,2015,2.515210693478584,51.10794356984086
Klein koolwitje,10,7,2015,2.5939629072416572,50.9951219535619
Kleine parelmoervlinder,10,7,2015,2.508503991700709,50.982530821692194
Koevinkje,10,7,2015,2.675132578620687,51.10327794334851
Oranje zandoogje,10,7,2015,2.675480625927448,51.080720020523295
Bont zandoogje,22,7,2015,2.6815111422538758,51.052777422284706
Bruin blauwtje,22,7,2015,2.5934070138353853,51.02992168052122
Bruin zandoogje,22,7,2015,2.6497064115107056,51.10369537353515
Dagpauwoog,22,7,2015,2.59236297971569,51.08620078416541
Distelvlinder,22,7,2015,2.6269501839857545,51.14034759432077
Gehakkelde aurelia,22,7,2015,2.5215753688104448,51.043147699460384
Groot koolwitje,22,7,2015,2.6673255009669807,51.14546379025094
Heivlinder,22,7,2015,2.6427612472884356,51.039400146547706
Hooibeestje,22,7,2015,2.581013253573328,51.08682608066127
Icarusblauwtje,22,7,2015,2.5856314348150042,51.08034261099063
Klein geaderd witje,22,7,2015,2.651858327127993,51.124390716729685
Klein koolwitje,22,7,2015,2.5734731558803468,51.014940696833655
Oranje zandoogje,22,7,2015,2.563273583082482,51.06967476803809
Bont zandoogje,1,8,2015,2.5489469069615005,51.17183235913515
Bruin blauwtje,1,8,2015,2.5267362273856997,51.170339883742855
Bruin zandoogje,1,8,2015,2.5120144717954096,51.14957878437824
Distelvlinder,1,8,2015,2.662980561805889,50.99816600016318
Groot koolwitje,1,8,2015,2.6802670496609062,51.098707637442274
Heivlinder,1,8,2015,2.62876862982288,51.03199345764704
Hooibeestje,1,8,2015,2.5246667544916273,51.031029332913455
Icarusblauwtje,1,8,2015,2.647364633353427,51.08745089384727
Klein geaderd witje,1,8,2015,2.6112859463877975,51.163981458609925
Klein koolwitje,1,8,2015,2.5124795909598467,51.04478737508878
Kleine parelmoervlinder,1,8,2015,2.6788170330319554,51.09248699096031
Kleine vuurvlinder,1,8,2015,2.545562655907124,51.09611045608297
Koevinkje,1,8,2015,2.567265704004094,51.077921435534954
Oranje zandoogje,1,8,2015,2.5480679283943024,51.13787302274257
Bont zandoogje,5,8,2015,2.6814770108647643,51.062838014233854
Bruin blauwtje,5,8,2015,2.649088370297104,51.10948232288472
Bruin zandoogje,5,8,2015,2.6470680063217875,51.014006261173634
Groot koolwitje,5,8,2015,2.6019932809844613,51.08632185176946
Heivlinder,5,8,2015,2.540857248716056,50.989819569066164
Hooibeestje,5,8,2015,2.5710533669311553,50.98712312273681
Icarusblauwtje,5,8,2015,2.645434865877032,51.10632692470215
Klein geaderd witje,5,8,2015,2.59323171489872,51.04518509504385
Klein koolwitje,5,8,2015,2.5147745069209484,51.13355480466969
Kleine parelmoervlinder,5,8,2015,2.5642729486897586,51.114671689337115
Kleine vuurvlinder,5,8,2015,2.61425639629364,51.028358370922504
Oranje zandoogje,5,8,2015,2.60134905423969,50.98795225352049
Bont zandoogje,29,8,2015,2.611933086402714,51.066312663275745
Bruin blauwtje,29,8,2015,2.591376308966428,51.119283828809856
Bruin zandoogje,29,8,2015,2.629720211504027,51.00710305135697
Hooibeestje,29,8,2015,2.555701639978215,51.0087270870991
Icarusblauwtje,29,8,2015,2.6635881724394856,51.01227257914841
Klein geaderd witje,29,8,2015,2.6227494684141126,51.01859668327495
Klein koolwitje,29,8,2015,2.567182530984282,51.152458438714966
Kleine parelmoervlinder,29,8,2015,2.656140517313033,51.00291625542566
Kleine vuurvlinder,29,8,2015,2.6748008515313266,50.99375203193165
Atalanta,10,9,2015,2.6487648183573036,51.02146782243624
Bont zandoogje,10,9,2015,2.5412938938103613,51.12325285889208
Bruin blauwtje,10,9,2015,2.541063787797466,51.07837504574098
Bruin zandoogje,10,9,2015,2.6176828236877916,51.17449073928408
Hooibeestje,10,9,2015,2.5427466047555205,51.03697943726554
Icarusblauwtje,10,9,2015,2.6391759678814557,50.997858703201636
Klein geaderd witje,10,9,2015,2.6567500240728257,51.16663800042122
Klein koolwitje,10,9,2015,2.6765894258022307,51.148380658235396
Kleine parelmoervlinder,10,9,2015,2.625457284934819,50.99345708318986
Kleine vuurvlinder,10,9,2015,2.4992916034627704,51.11213815167546
Bruin blauwtje,7,7,2016,2.617083016000688,51.121598986415194
Bruin zandoogje,7,7,2016,2.5286977542657403,51.14560879577883
Heivlinder,7,7,2016,2.5748691054619846,51.041891413526606
Hooibeestje,7,7,2016,2.641772554544732,51.108882031934336
Klein geaderd witje,7,7,2016,2.637171676158905,51.019603792503474
Kleine parelmoervlinder,7,7,2016,2.6283531072176993,51.16195808017626
Oranje zandoogje,7,7,2016,2.653236913271248,51.01720131558366
Atalanta,15,7,2016,2.6625696542300283,51.13298194182105
Bont zandoogje,15,7,2016,2.565282660871744,51.14659594289958
Bruin blauwtje,15,7,2016,2.4908498647715893,51.100195831172165
Bruin zandoogje,15,7,2016,2.529313004957512,51.07739640681073
Dagpauwoog,15,7,2016,2.597708568032831,51.06384151980281
Gehakkelde aurelia,15,7,2016,2.5213563632778824,51.089670485090465
Groot dikkopje,15,7,2016,2.5546110537927595,51.10976446533576
Groot koolwitje,15,7,2016,2.643267336543649,51.04774990223348
Heivlinder,15,7,2016,2.5347934364899993,51.03266493712552
Klein geaderd witje,15,7,2016,2.6353216838650404,51.05339560254477
Klein koolwitje,15,7,2016,2.577167375627905,50.98970372324809
Kleine parelmoervlinder,15,7,2016,2.517865347499028,51.02982782201841
Koevinkje,15,7,2016,2.6637797493115065,51.146680116485804
Oranje zandoogje,15,7,2016,2.56783116819337,51.172242901260034
Zwartsprietdikkopje,15,7,2016,2.5320489869080482,51.1660145100858
Atalanta,19,7,2016,2.677445122655481,51.13998130678199
Bont zandoogje,19,7,2016,2.610323971379548,51.06025886365212
Bruin blauwtje,19,7,2016,2.688702398082241,51.04299365069717
Bruin zandoogje,19,7,2016,2.5156765170022846,51.093789154682305
Dagpauwoog,19,7,2016,2.6870490332227197,51.151221562474966
Gehakkelde aurelia,19,7,2016,2.5957806491851807,51.0300357166864
Groot koolwitje,19,7,2016,2.6184693778492507,51.142423348333686
Icarusblauwtje,19,7,2016,2.632443903768435,51.05509193401784
Klein geaderd witje,19,7,2016,2.6654846477881073,51.12813669850118
Klein koolwitje,19,7,2016,2.629154855813831,51.131374033745374
Oranje zandoogje,19,7,2016,2.5341354929003863,51.019739294163884
Bont zandoogje,25,7,2016,2.6364563659392295,51.15420574869029
Bruin blauwtje,25,7,2016,2.686863064356148,51.13179793946445
Bruin zandoogje,25,7,2016,2.5530280479323118,51.0534079986345
Groot koolwitje,25,7,2016,2.5673940257262435,51.04720697879791
Heivlinder,25,7,2016,2.5894926233775912,51.02720354154706
Hooibeestje,25,7,2016,2.686664585545659,51.00815740057267
Icarusblauwtje,25,7,2016,2.580384958311915,51.067251801555976
Klein geaderd witje,25,7,2016,2.6358270479459316,51.089858549572526
Klein koolwitje,25,7,2016,2.560163856446743,51.0490130520612
Oranje zandoogje,25,7,2016,2.4990521233621985,51.060864390591156
Atalanta,2,8,2016,2.56295053047128,51.05723461147397
Bont zandoogje,2,8,2016,2.5045193649921567,50.99684685908258
Bruin blauwtje,2,8,2016,2.6392459616623816,51.031649946114044
Bruin zandoogje,2,8,2016,2.6847783874347804,51.156062939642
Dagpauwoog,2,8,2016,2.6701011433824897,51.088771474240346
Gehakkelde aurelia,2,8,2016,2.5364594206307083,51.154699246091766
Heivlinder,2,8,2016,2.5828385998588055,51.167886417331175
Hooibeestje,2,8,2016,2.627746395356953,51.15883317880332
Icarusblauwtje,2,8,2016,2.652193518411368,51.17447245029732
Klein geaderd witje,2,8,2016,2.6180428017955273,51.069218895928934
Klein koolwitje,2,8,2016,2.493201439371332,51.0525875403732
Kleine parelmoervlinder,2,8,2016,2.610216604089364,51.12189074696042
Oranje zandoogje,2,8,2016,2.6682343022059647,51.109932582937176
Bont zandoogje,9,8,2016,2.545507407244295,50.999630208890885
Bruin blauwtje,9,8,2016,2.5541239514108747,51.15156268758699
Bruin zandoogje,9,8,2016,2.6776932040788233,51.139888900769876
Hooibeestje,9,8,2016,2.6706792576331644,51.138278372045605
Klein geaderd witje,9,8,2016,2.65302323853597,51.12793364726938
Landkaartje,9,8,2016,2.504897316507995,51.0581467043329
Oranje zandoogje,9,8,2016,2.641086865086108,50.99138011761941
Bont zandoogje,12,8,2016,2.6165332172159106,51.010507702520115
Boomblauwtje,12,8,2016,2.629370408467948,51.02155336278491
Bruin blauwtje,12,8,2016,2.528322330918163,51.07593466129154
Bruin zandoogje,12,8,2016,2.587224084706977,51.018568322593346
Groot koolwitje,12,8,2016,2.4971544819977134,51.14813223189674
Hooibeestje,12,8,2016,2.6653705071751026,51.09266121403314
Icarusblauwtje,12,8,2016,2.50794339036569,51.1750202150736
Klein geaderd witje,12,8,2016,2.534823886454105,51.13116049922071
Klein koolwitje,12,8,2016,2.6107674114964903,51.11543836371973
Kleine parelmoervlinder,12,8,2016,2.5074743849784134,51.02610711084679
Oranje zandoogje,12,8,2016,2.6637771784886715,51.10443500729278
Bont zandoogje,17,8,2016,2.5724137673247602,51.0468372424785
Bruin blauwtje,17,8,2016,2.497130421325564,51.14756146498956
Bruin zandoogje,17,8,2016,2.5728218701295553,51.12949876694009
Gehakkelde aurelia,17,8,2016,2.5487073414586483,51.127471039649095
Groot koolwitje,17,8,2016,2.6802984984219074,51.01383530424908
Hooibeestje,17,8,2016,2.6583448259253055,51.152339039715
Icarusblauwtje,17,8,2016,2.654760304335505,51.04712366393767
Klein geaderd witje,17,8,2016,2.607709802184254,51.06462930913083
Kleine parelmoervlinder,17,8,2016,2.493143791342154,50.98917061283253
Kleine vuurvlinder,17,8,2016,2.660557886501774,51.10184403855354
Oranje zandoogje,17,8,2016,2.6731612961366773,51.08861108670942
Bruin zandoogje,24,8,2016,2.5839214293379333,51.05325816163793
Grote vos,24,8,2016,2.5909227737784386,51.0636423553992
Hooibeestje,24,8,2016,2.4957074529584498,50.99096770884469
Klein geaderd witje,24,8,2016,2.627003974150866,51.07846375184133
Klein koolwitje,24,8,2016,2.592498487429693,51.008481366392225
Kleine parelmoervlinder,24,8,2016,2.5250134238600728,51.14711151064373
Bont zandoogje,26,8,2016,2.6506792107224464,51.02564950633794
Bruin blauwtje,26,8,2016,2.507068380769342,51.07400122878141
Bruin zandoogje,26,8,2016,2.5813478672970085,51.02955922435038
Groot koolwitje,26,8,2016,2.5234031652659175,50.98606789295562
Heivlinder,26,8,2016,2.6661407789308575,51.12921145853586
Hooibeestje,26,8,2016,2.6444060111977157,50.98301269218325
Icarusblauwtje,26,8,2016,2.593268260974437,51.052498326282944
Klein geaderd witje,26,8,2016,2.684940445385873,51.048546852655704
Klein koolwitje,26,8,2016,2.604831893192604,51.01465123246424
Kleine parelmoervlinder,26,8,2016,2.663852596618235,51.09836692802608
Kleine vuurvlinder,26,8,2016,2.533295140378177,51.12449988161214
Atalanta,9,9,2016,2.5420389246754347,51.168565114699305
Bont zandoogje,9,9,2016,2.5554552651569247,51.01684532279148
Bruin blauwtje,9,9,2016,2.680242156200111,50.9851983489655
Bruin zandoogje,9,9,2016,2.521608492741361,51.08920074502937
Hooibeestje,9,9,2016,2.5837278776429593,51.120490637067704
Klein geaderd witje,9,9,2016,2.5218052500486374,51.120566464187576
Klein koolwitje,9,9,2016,2.5304610072728244,51.12388616317883
Kleine parelmoervlinder,9,9,2016,2.686153630269691,51.03135549157858
Kleine vuurvlinder,9,9,2016,2.6559202715381978,51.14870133364573
Bont zandoogje,14,9,2016,2.5560762024577706,51.167294434942306
Bruin blauwtje,14,9,2016,2.5046672869101165,51.08918043493293
Hooibeestje,14,9,2016,2.647686935085803,51.151100989216935
Klein geaderd witje,14,9,2016,2.491688041165471,50.986535048317165
Klein koolwitje,14,9,2016,2.517247646357864,50.98456178644672
Kleine parelmoervlinder,14,9,2016,2.6726170381158587,51.134160617059095
Kleine vuurvlinder,14,9,2016,2.5411680115945634,51.06221237505786
Kleine vos,9,3,2017,2.6140795706398783,50.980388348847626
Dagpauwoog,16,3,2017,2.5242977531719952,51.12871815019287
Kleine vos,16,3,2017,2.6876282624993473,51.03042762761004
Dagpauwoog,27,3,2017,2.66325343247503,51.12374663927592
Gehakkelde aurelia,27,3,2017,2.500476969135925,51.14644554310478
Dagpauwoog,5,4,2017,2.525900513315573,51.07137773811817
Gehakkelde aurelia,5,4,2017,2.588262772941962,51.083377663390706
Groot koolwitje,5,4,2017,2.645276491958648,51.0419366963394
Klein geaderd witje,5,4,2017,2.628620660966262,50.98943313133903
Kleine vos,5,4,2017,2.5969409247953443,51.06440660643391
Oranjetipje,5,4,2017,2.5704033199325202,50.99194077986292
Atalanta,22,5,2017,2.5987937971111386,51.039290537796916
Bont zandoogje,22,5,2017,2.6094868467748165,51.01680306756869
Bruin blauwtje,22,5,2017,2.516142089581117,51.0651422382053
Dagpauwoog,22,5,2017,2.6098468014597893,50.9947485315334
Distelvlinder,22,5,2017,2.658383558373898,50.99584630561992
Groot koolwitje,22,5,2017,2.4998544902168214,51.125395569503304
Hooibeestje,22,5,2017,2.535371460728347,51.04439193543047
Icarusblauwtje,22,5,2017,2.593023540601134,51.08395989352837
Klein geaderd witje,22,5,2017,2.566326512964442,51.16918626490049
Kleine parelmoervlinder,22,5,2017,2.548395780296996,51.142781355157496
Atalanta,31,5,2017,2.664839793331921,51.032024542447175
Bont zandoogje,31,5,2017,2.65826923051849,51.037073039375244
Distelvlinder,31,5,2017,2.59345561071299,51.11698282716796
Gehakkelde aurelia,31,5,2017,2.5079355783388015,51.13674299546517
Hooibeestje,31,5,2017,2.50804692549631,51.019352735504505
Icarusblauwtje,31,5,2017,2.506393825924024,51.11742316281423
Klein geaderd witje,31,5,2017,2.552573605543002,51.0044231574703
Klein koolwitje,31,5,2017,2.578640099018812,51.06681960850954
Atalanta,11,6,2017,2.514118161620572,51.02185146144591
Groot dikkopje,11,6,2017,2.6744162495806814,51.105378183647986
Hooibeestje,11,6,2017,2.626402287194505,51.102752840537576
Klein geaderd witje,11,6,2017,2.6054289613012225,51.16695382736623
Koevinkje,11,6,2017,2.491351012988016,51.06141513275914
Atalanta,13,6,2017,2.6646596646960825,51.133123523062096
Bont zandoogje,13,6,2017,2.5172413578350095,50.98865538297221
Bruin blauwtje,13,6,2017,2.6533776509203015,51.060895105656236
Distelvlinder,13,6,2017,2.5157411046884954,51.1475166615285
Groot dikkopje,13,6,2017,2.5540701613388954,51.08592141365632
Hooibeestje,13,6,2017,2.68427680647932,51.14294709891081
Klein geaderd witje,13,6,2017,2.5512711708061397,51.124622228993104
Kleine parelmoervlinder,13,6,2017,2.5899599906615913,51.016464801291
Koevinkje,13,6,2017,2.5255750932823866,51.11266615853645
Atalanta,26,6,2017,2.6673812622297555,51.0833696453087
Bont zandoogje,26,6,2017,2.6693660368770358,51.052667741868646
Bruin zandoogje,26,6,2017,2.605487192105502,51.03465793055482
Citroenvlinder,26,6,2017,2.494538986319676,51.01938457672484
Dagpauwoog,26,6,2017,2.625004429426044,51.05944530108943
Gehakkelde aurelia,26,6,2017,2.5840808232873678,51.05995160315186
Groot dikkopje,26,6,2017,2.5234528485778718,51.00562167220749
Hooibeestje,26,6,2017,2.5212306808773426,51.004685422936454
Klein geaderd witje,26,6,2017,2.6754143606498837,51.08443299366161
Klein koolwitje,26,6,2017,2.6621274220384654,51.07275156366639
Kleine parelmoervlinder,26,6,2017,2.5273259117361158,51.121283378517255
Koevinkje,26,6,2017,2.6574085124395785,51.132270780876276
Oranje zandoogje,26,6,2017,2.682824430251494,51.142951850146055
Atalanta,5,7,2017,2.5025437844544647,51.130383875193075
Bont zandoogje,5,7,2017,2.501444652313366,51.00019441914745
Bruin blauwtje,5,7,2017,2.5424946593679487,51.13125494762323
Bruin zandoogje,5,7,2017,2.6305480375979093,51.07343728814274
Citroenvlinder,5,7,2017,2.6056301454640924,51.15714068600908
Gehakkelde aurelia,5,7,2017,2.5371971612423656,51.159403962986545
Groot koolwitje,5,7,2017,2.59282367314212,50.99898783794604
Heivlinder,5,7,2017,2.534326901435852,51.14010097968392
Hooibeestje,5,7,2017,2.5644604665320365,51.05853739820421
Klein geaderd witje,5,7,2017,2.6728482192009686,51.17747123145498
Klein koolwitje,5,7,2017,2.631490862332284,51.10343034497462
Kleine parelmoervlinder,5,7,2017,2.5191099082212896,51.12730204916559
Oranje luzernevlinder,5,7,2017,2.6105099533777683,51.10586678536609
Oranje zandoogje,5,7,2017,2.5249049377720802,51.164797849413006
Atalanta,31,7,2017,2.608949188617989,51.02291774812154
Bont zandoogje,31,7,2017,2.5837217326369135,51.01341319486499
Bruin blauwtje,31,7,2017,2.660801783259958,50.99605122382752
Bruin zandoogje,31,7,2017,2.619054654249921,51.17528348520398
Gehakkelde aurelia,31,7,2017,2.541217393344268,51.144539230428634
Groot koolwitje,31,7,2017,2.617466556522995,51.08329669215716
Hooibeestje,31,7,2017,2.5603307370655237,50.996059498209505
Icarusblauwtje,31,7,2017,2.6799544239044186,51.01061481248587
Klein geaderd witje,31,7,2017,2.567663283003494,51.17920753468759
Klein koolwitje,31,7,2017,2.5504961136821658,51.17452884406782
Kleine parelmoervlinder,31,7,2017,2.640029858527705,51.12345536120236
Kleine vuurvlinder,31,7,2017,2.6585315323527903,51.136393021857366
Oranje luzernevlinder,31,7,2017,2.6152779389265923,51.020080708358435
Oranje zandoogje,31,7,2017,2.551852188548073,51.09350058494135
Bont zandoogje,5,8,2017,2.5280245965439825,51.152390769142656
Bruin blauwtje,5,8,2017,2.5553596294578163,51.04418525050394
Bruin zandoogje,5,8,2017,2.683637152016163,51.11355019073933
Citroenvlinder,5,8,2017,2.6765990279708056,51.0681164973136
Gehakkelde aurelia,5,8,2017,2.5302414169628173,51.10624169648625
Hooibeestje,5,8,2017,2.617992669586092,51.03643183863721
Icarusblauwtje,5,8,2017,2.524148073289543,51.051443265024574
Klein geaderd witje,5,8,2017,2.5814909890387208,51.0837232467439
Klein koolwitje,5,8,2017,2.6630810741428284,51.156135320728644
Kleine parelmoervlinder,5,8,2017,2.644382683103904,51.015765016730874
Oranje zandoogje,5,8,2017,2.5186721270531414,51.06755760663189
Bont zandoogje,14,8,2017,2.6507015734538433,51.05802568813786
Bruin zandoogje,14,8,2017,2.678896040432155,50.98346556054428
Distelvlinder,14,8,2017,2.658486624350771,51.10729201191105
Groot koolwitje,14,8,2017,2.519601609474048,51.02251549723558
Hooibeestje,14,8,2017,2.6121890266519037,51.03451995120383
Klein geaderd witje,14,8,2017,2.5689812909904868,51.05942751161754
Klein koolwitje,14,8,2017,2.6657884454913434,50.999037321116774
Kleine parelmoervlinder,14,8,2017,2.6365162492822853,50.98805733334273
Oranje zandoogje,14,8,2017,2.5193213579803704,51.07803099520504
Bont zandoogje,25,8,2017,2.6612575919926167,51.05176337488927
Bruin blauwtje,25,8,2017,2.5663553663156926,51.06454101104289
Bruin zandoogje,25,8,2017,2.541966260327026,51.0434977039881
Hooibeestje,25,8,2017,2.5214400759059936,51.135099711148065
Klein geaderd witje,25,8,2017,2.6803841350227593,51.03117527181283
Kleine parelmoervlinder,25,8,2017,2.5523764880001543,51.11622962660156
Atalanta,15,9,2017,2.5108871240727604,51.014775937534864
Bont zandoogje,15,9,2017,2.649081918699667,51.02243968916125
Bruin blauwtje,15,9,2017,2.6224878079816696,51.135422637984156
Groot koolwitje,15,9,2017,2.606216421779245,51.11401169604622
Hooibeestje,15,9,2017,2.6458285063598304,50.995155554004015
Icarusblauwtje,15,9,2017,2.6068859388213603,51.12527999735437
Klein geaderd witje,15,9,2017,2.5664661774504927,51.063000819571315
Klein koolwitje,15,9,2017,2.6598733929079024,51.15149438238703
Kleine parelmoervlinder,15,9,2017,2.5554673051089045,51.10414675336331
Kleine vuurvlinder,15,9,2017,2.6356479407846924,51.06653242709115
Citroenvlinder,21,4,2018,2.5522091471683233,51.15057795235887
Dagpauwoog,21,4,2018,2.6215409198869017,51.07898707345128
Groot dikkopje,21,4,2018,2.547537300651893,51.005130437687036
Groot koolwitje,21,4,2018,2.5486421529762446,51.17376908778213
Klein geaderd witje,21,4,2018,2.6630179394595324,50.99346141342073
Klein koolwitje,21,4,2018,2.5782181721739468,50.99202160497196
Kleine parelmoervlinder,21,4,2018,2.6620076934900134,50.98702817090787
Kleine vos,21,4,2018,2.4912652225792407,51.02137905491516
Bont zandoogje,3,5,2018,2.5066162647306918,51.14601545764133
Bruin blauwtje,3,5,2018,2.5310059535875915,51.05602005731314
Groot koolwitje,3,5,2018,2.6569589816126973,50.98451198252849
Grote vos,3,5,2018,2.642328321430832,51.07204360600561
Klein geaderd witje,3,5,2018,2.4980498109571636,50.98898362076841
Klein koolwitje,3,5,2018,2.6887846218049525,51.11767076190561
Kleine parelmoervlinder,3,5,2018,2.637431736672297,51.080339076435195
Kleine vuurvlinder,3,5,2018,2.6591785962786525,51.07105325806886
Oranjetipje,3,5,2018,2.5090573255531488,51.107858609799294
Bont zandoogje,5,5,2018,2.5000557356141506,51.17448412624188
Bruin blauwtje,5,5,2018,2.499173338860273,51.06929308191873
Dagpauwoog,5,5,2018,2.671676124641672,51.044644704898815
Gehakkelde aurelia,5,5,2018,2.5524080171342938,51.101288643823935
Groot koolwitje,5,5,2018,2.56614506483078,51.06721731523983
Klein geaderd witje,5,5,2018,2.6724919085483996,51.0095039688237
Klein koolwitje,5,5,2018,2.6073975240904836,51.061444628024475
Kleine parelmoervlinder,5,5,2018,2.639874884681776,51.02856406142935
Kleine vuurvlinder,5,5,2018,2.6398309766873718,51.15286656750366
Boomblauwtje,28,5,2018,2.622133920351043,51.0310882679373
Distelvlinder,28,5,2018,2.507406596848741,51.000189826702695
Groot koolwitje,28,5,2018,2.5704324531927703,51.02188867635093
Hooibeestje,28,5,2018,2.532590731102973,51.041869820905845
Icarusblauwtje,28,5,2018,2.6101617832295596,51.02281623614952
Klein geaderd witje,28,5,2018,2.628256058329716,51.07648159346543
Kleine parelmoervlinder,28,5,2018,2.628973757717758,50.99487984545529
Bont zandoogje,2,6,2018,2.6754909374844282,51.01626781310886
Bruin blauwtje,2,6,2018,2.562796493023634,51.124403745047744
Groot koolwitje,2,6,2018,2.6185154820419845,51.098750901054586
Hooibeestje,2,6,2018,2.5700693152006715,51.00263522916473
Icarusblauwtje,2,6,2018,2.6669678784999995,51.0846867470257
Klein geaderd witje,2,6,2018,2.5266928390227257,51.15546450369991
Bont zandoogje,13,6,2018,2.6678599322307854,51.13309727317653
Bruin blauwtje,13,6,2018,2.577138549564406,51.10515463749878
Bruin zandoogje,13,6,2018,2.663831278877333,50.99619078698568
Distelvlinder,13,6,2018,2.6241606085654348,51.085983708472924
Groot dikkopje,13,6,2018,2.6143490759748964,51.13428352197632
Hooibeestje,13,6,2018,2.555917990962043,51.06710054852999
Icarusblauwtje,13,6,2018,2.56022166387178,51.05578710056841
Klein geaderd witje,13,6,2018,2.6435517044831065,51.03015701255761
Kleine parelmoervlinder,13,6,2018,2.4931809530686584,51.03149887837469
Koevinkje,13,6,2018,2.647375878887251,51.05682203673757
Atalanta,20,6,2018,2.499616802539676,50.980492346985265
Bruin zandoogje,20,6,2018,2.6216437928937375,50.99986035448499
Groot dikkopje,20,6,2018,2.5492567444313314,51.03412651100196
Groot koolwitje,20,6,2018,2.5176408269070087,51.03720050181262
Hooibeestje,20,6,2018,2.549613813413307,51.15657217029482
Klein geaderd witje,20,6,2018,2.5392902412079272,51.08073757623322
Klein koolwitje,20,6,2018,2.613135753488168,51.134008233221245
Kleine parelmoervlinder,20,6,2018,2.544668608587235,51.16688888312317
Koevinkje,20,6,2018,2.67699860968627,51.066880821594964
Bruin blauwtje,25,6,2018,2.60274326601997,51.03020481492393
Bruin zandoogje,25,6,2018,2.631081151878461,51.08276541686617
Gele luzernevlinder,25,6,2018,2.5211982621904463,50.99231158757582
Groot dikkopje,25,6,2018,2.5879255229234692,51.12734902293421
Groot koolwitje,25,6,2018,2.6727098372392355,51.17777139816433
Hooibeestje,25,6,2018,2.6683508537802845,51.11588903457857
Icarusblauwtje,25,6,2018,2.544299949528649,51.17647875339724
Klein geaderd witje,25,6,2018,2.517892346167937,51.13735335410573
Kleine parelmoervlinder,25,6,2018,2.545939652537927,51.039093946404755
Kleine vuurvlinder,25,6,2018,2.6508399604447184,51.134449753742665
Koevinkje,25,6,2018,2.5407897491101172,51.174561481429265
Atalanta,5,7,2018,2.5594489508867264,51.131473579881714
Bont zandoogje,5,7,2018,2.5529000792745498,51.15525453572161
Bruin blauwtje,5,7,2018,2.5075410009454933,51.016167097790166
Bruin zandoogje,5,7,2018,2.568380645625293,51.077351873433216
Dagpauwoog,5,7,2018,2.532485249554738,51.09301144869067
Gehakkelde aurelia,5,7,2018,2.6308233047462997,51.10790467864834
Groot koolwitje,5,7,2018,2.6440346818976104,50.99789300669916
Hooibeestje,5,7,2018,2.522578994659707,51.152952843736855
Klein geaderd witje,5,7,2018,2.5706434186175464,51.164127525892106
Klein koolwitje,5,7,2018,2.577450923351571,51.178150137253105
Kleine parelmoervlinder,5,7,2018,2.655978599525988,51.17800930223427
Koevinkje,5,7,2018,2.530684333303943,51.12177006543614
Oranje zandoogje,5,7,2018,2.5291971255652603,51.03174090913497
Atalanta,21,7,2018,2.672766333222389,51.01586852569133
Bont zandoogje,21,7,2018,2.5045989245735107,51.13704151964746
Bruin blauwtje,21,7,2018,2.5858643616642802,51.137822049921375
Bruin zandoogje,21,7,2018,2.643908286942169,51.01461054251529
Groot koolwitje,21,7,2018,2.6510495522152633,51.04037587448954
Heivlinder,21,7,2018,2.5196765893232076,51.0934179783985
Icarusblauwtje,21,7,2018,2.6402079126890747,51.06656840240583
Klein geaderd witje,21,7,2018,2.527792946025729,51.048788975104685
Klein koolwitje,21,7,2018,2.501655377736315,51.071440481040625
Kleine parelmoervlinder,21,7,2018,2.5979314339440314,51.05181531693786
Oranje zandoogje,21,7,2018,2.5744388831872493,51.097027942836284
Bont zandoogje,3,8,2018,2.5876313014514745,51.15565757040866
Bruin blauwtje,3,8,2018,2.5932224639784542,51.08455605057068
Bruin zandoogje,3,8,2018,2.518082689922303,51.080561314076185
Gehakkelde aurelia,3,8,2018,2.629300531800836,51.04312522422522
Groot koolwitje,3,8,2018,2.5888352155778556,51.006163632841776
Heivlinder,3,8,2018,2.588868822818622,51.08973664964549
Hooibeestje,3,8,2018,2.5509342547599223,51.17023876949213
Klein geaderd witje,3,8,2018,2.5123386170808226,51.092353032827376
Kleine vuurvlinder,3,8,2018,2.5603838581219316,51.01329573301598
Oranje zandoogje,3,8,2018,2.6345415489841253,51.065549757583064
Bont zandoogje,11,8,2018,2.602388652889058,51.08906032528728
Bruin zandoogje,11,8,2018,2.5343211663048715,51.0567758866772
Groot koolwitje,11,8,2018,2.6179757767450065,51.02359411415644
Hooibeestje,11,8,2018,2.501279547354206,51.15642420898192
Klein geaderd witje,11,8,2018,2.577175207491964,51.14165344510227
Bruin blauwtje,22,8,2018,2.5775166715122757,51.083276573633775
Bruin zandoogje,22,8,2018,2.5547264493163673,51.076510526118795
Groot koolwitje,22,8,2018,2.5727747690025717,51.074754426926376
Hooibeestje,22,8,2018,2.5483492790348827,51.061974255200475
Klein geaderd witje,22,8,2018,2.6354129215795545,51.06877280517481
Kleine parelmoervlinder,22,8,2018,2.677284046690911,51.0637202958297
Bont zandoogje,31,8,2018,2.6467383897490797,51.1535674825497
Boomblauwtje,31,8,2018,2.5351483746059236,51.14512527838349
Bruin blauwtje,31,8,2018,2.5539728420414027,51.02068875359371
Groot koolwitje,31,8,2018,2.629904948603362,51.05594239921309
Hooibeestje,31,8,2018,2.616565737836063,51.074934246968475
Klein geaderd witje,31,8,2018,2.680184869989753,51.159811211535704
Klein koolwitje,31,8,2018,2.617753374306485,50.99863047536462
Kleine parelmoervlinder,31,8,2018,2.6137344230525192,51.06195968214422
Bruin blauwtje,1,6,2011,2.6808235843665895,51.071869808370245
Hooibeestje,1,6,2011,2.6565231320448217,51.14056709150783
Icarusblauwtje,1,6,2011,2.708816722081974,51.079334346977994
Klein geaderd witje,1,6,2011,2.71620094939135,51.12656578587368
Klein koolwitje,1,6,2011,2.7029867716599254,51.12706825782545
Kleine parelmoervlinder,1,6,2011,2.653451532451436,51.185097858943045
Kleine vos,1,6,2011,2.730857850983739,51.059089206233615
Zwartsprietdikkopje,1,6,2011,2.7020050742663444,51.14123609012924
Atalanta,10,8,2011,2.617491848906502,51.205362272150815
Bont zandoogje,10,8,2011,2.724424053588882,51.11898992748931
Bruin zandoogje,10,8,2011,2.6922541929408905,51.17772320162505
Dagpauwoog,10,8,2011,2.6287525890860706,51.039894599309186
Groot koolwitje,10,8,2011,2.640311122033745,51.115480633527035
Hooibeestje,10,8,2011,2.696950263110921,51.165143485534934
Icarusblauwtje,10,8,2011,2.656993214227259,51.045883116200564
Klein geaderd witje,10,8,2011,2.614630615292117,51.17642766924575
Klein koolwitje,10,8,2011,2.602563248760998,51.2176363951806
Bruin blauwtje,24,7,2012,2.7096568069420752,51.11453345732763
Bruin zandoogje,24,7,2012,2.6427901146002113,51.02546225970611
Dagpauwoog,24,7,2012,2.5682183519005775,51.125072438949715
Groot dikkopje,24,7,2012,2.587602780526504,51.07429793726653
Groot koolwitje,24,7,2012,2.711962796933949,51.09429876825772
Hooibeestje,24,7,2012,2.6758126168977467,51.0418521695584
Klein koolwitje,24,7,2012,2.5905699736904353,51.21142354130745
Kleine parelmoervlinder,24,7,2012,2.5959093611687423,51.07166859212331
Kleine vos,24,7,2012,2.6420444328803567,51.0682764261309
Atalanta,10,8,2012,2.5550519306212665,51.15539179358631
Bont zandoogje,10,8,2012,2.6973584755789486,51.087966052144765
Bruin zandoogje,10,8,2012,2.6941651499830184,51.04949365912936
Dagpauwoog,10,8,2012,2.6107926107011736,51.216538592595604
Groot dikkopje,10,8,2012,2.5656354435253887,51.1500283180084
Groot koolwitje,10,8,2012,2.6916057817172256,51.08542445798404
Hooibeestje,10,8,2012,2.55131970429793,51.02971885952167
Icarusblauwtje,10,8,2012,2.578309157025069,51.0493097725138
Klein koolwitje,10,8,2012,2.5995919288136062,51.03623688642867
Kleine vuurvlinder,10,8,2012,2.629568494996056,51.08559788831509
Koevinkje,10,8,2012,2.660920294979587,51.15779043261893
Oranje luzernevlinder,10,8,2012,2.6333606391679494,51.134593102177604
Oranje zandoogje,10,8,2012,2.61919285482727,51.11672248433344
Koevinkje,16,7,2013,2.708486301405355,51.0999635855481
Bont zandoogje,26,7,2013,2.705372772878036,51.064526478601614
Bruin zandoogje,26,7,2013,2.6809811029583215,51.1973806989193
Heivlinder,26,7,2013,2.565903193689883,51.036962159238755
Icarusblauwtje,26,7,2013,2.6473655206151308,51.072466754196206
Klein geaderd witje,26,7,2013,2.6090570059604943,51.18987285376526
Koevinkje,26,7,2013,2.6911631343886255,51.18217063572258
Oranje zandoogje,26,7,2013,2.619715073239058,51.174216436250134
Zwartsprietdikkopje,26,7,2013,2.6267745767254382,51.02444274102337
Bont zandoogje,16,8,2013,2.7163842250127344,51.2055853441637
Bruin zandoogje,16,8,2013,2.65546414302662,51.049700585966924
Heivlinder,16,8,2013,2.5755225379951296,51.1027169847209
Hooibeestje,16,8,2013,2.631397511344403,51.19578625506721
Icarusblauwtje,16,8,2013,2.66541213481687,51.07672316262498
Koevinkje,16,8,2013,2.6307524936739353,51.17191574711352
Bont zandoogje,28,8,2013,2.6137196499854327,51.130791378282005
Bruin blauwtje,28,8,2013,2.5732082078699023,51.12435483632609
Bruin zandoogje,28,8,2013,2.7299401808995754,51.130179095482454
Dagpauwoog,28,8,2013,2.708124767942354,51.18438746885396
Groot koolwitje,28,8,2013,2.5840840922202912,51.070875192694366
Heivlinder,28,8,2013,2.649867457617074,51.178237497042865
Hooibeestje,28,8,2013,2.5512725359294564,51.18370835728012
Icarusblauwtje,28,8,2013,2.604229844920337,51.134833119139074
Klein koolwitje,28,8,2013,2.6107278138864785,51.14787640229799
Kleine vos,28,8,2013,2.5731808124110103,51.03342302588746
Kleine vuurvlinder,28,8,2013,2.696011949656531,51.20628152660094
Koevinkje,28,8,2013,2.7154646981041877,51.156397741409016
Bont zandoogje,25,9,2013,2.553498290432617,51.09856998108327
Hooibeestje,25,9,2013,2.552631146367639,51.20943500961177
Klein koolwitje,25,9,2013,2.724567415844649,51.15751802947372
Icarusblauwtje,8,6,2013,3.4248931708931925,51.451646432317794
Klein koolwitje,8,6,2013,3.40300367965363,51.33654920201749
Landkaartje,8,6,2013,3.4044186429306866,51.337559546241536
Atalanta,21,9,2013,3.2553257249016316,51.45650910398923
Bruin blauwtje,21,9,2013,3.2337724651396274,51.42161979520694
Bruin zandoogje,21,9,2013,3.3719961123727265,51.39307126495056
Gehakkelde aurelia,21,9,2013,3.356910436153412,51.28464370885864
Icarusblauwtje,21,9,2013,3.3282232898939403,51.393059244323524
Klein koolwitje,21,9,2013,3.2379610771965237,51.28991266879253
Kleine vos,21,9,2013,3.273546005804092,51.4111012179777
Kleine vuurvlinder,21,9,2013,3.2477567799109965,51.3847402891051
Dagpauwoog,31,5,2014,3.2757146352622657,51.456326569421215
Icarusblauwtje,31,5,2014,3.3259779358003287,51.28715540085919
Klein koolwitje,31,5,2014,3.280956556107849,51.39223836813122
Kleine vos,31,5,2014,3.265572329722345,51.37023108102381
Bont zandoogje,3,8,2014,3.360957528529689,51.29851726860739
Bruin blauwtje,3,8,2014,3.4123595808353278,51.298577893283216
Bruin zandoogje,3,8,2014,3.378680210532621,51.29765760012902
Dagpauwoog,3,8,2014,3.3023901805467903,51.42518389838747
Distelvlinder,3,8,2014,3.2665153567865493,51.399485085383056
Heivlinder,3,8,2014,3.364902301663533,51.45841576288454
Icarusblauwtje,3,8,2014,3.3675698397867384,51.301548199113455
Klein koolwitje,3,8,2014,3.368800264429301,51.36727779162116
Kleine vos,3,8,2014,3.3111447833664718,51.28041020025499
Oranje zandoogje,3,8,2014,3.399049774762243,51.40811101076193
Zwartsprietdikkopje,3,8,2014,3.4143534094747157,51.275749333426354
Atalanta,10,5,2015,3.2903965092916043,51.415982504878194
Bont zandoogje,10,5,2015,3.339649439295754,51.313057289449496
Boomblauwtje,10,5,2015,3.257500888891518,51.37169368624687
Bruin blauwtje,10,5,2015,3.2377899276744575,51.40173266664147
Dagpauwoog,10,5,2015,3.2757366421353074,51.35994887700304
Groot koolwitje,10,5,2015,3.4273344217054547,51.36514667578973
Icarusblauwtje,10,5,2015,3.4014202651754024,51.38565253176726
Klein koolwitje,10,5,2015,3.271790505917743,51.44648020359688
Kleine vuurvlinder,10,5,2015,3.3787501768395307,51.4263837976288
Bont zandoogje,2,8,2015,3.325444873534143,51.44735843929462
Bruin zandoogje,2,8,2015,3.2499666427448393,51.29377261352725
Dagpauwoog,2,8,2015,3.405567326648161,51.457374006174504
Groot koolwitje,2,8,2015,3.3095067390892656,51.37978312437423
Heivlinder,2,8,2015,3.295726179815829,51.429479312002655
Icarusblauwtje,2,8,2015,3.3192774696461855,51.32763066407293
Klein geaderd witje,2,8,2015,3.370086914272979,51.35671325017698
Klein koolwitje,2,8,2015,3.2740177720040085,51.39774670441635
Kleine vos,2,8,2015,3.3235905274003743,51.26827026017941
Oranje luzernevlinder,2,8,2015,3.332264311723411,51.38452883305959
Oranje zandoogje,2,8,2015,3.3420971652213485,51.353926090328024
Zwartsprietdikkopje,2,8,2015,3.2449347988888624,51.26938994851895
Bont zandoogje,24,4,2013,4.407770593408496,51.34450442014262
Dagpauwoog,24,4,2013,4.330918138371781,51.325142531665044
Klein koolwitje,24,4,2013,4.298030363852159,51.2321916149091
Kleine vos,24,4,2013,4.409150710413233,51.22245734144002
Boomblauwtje,25,4,2013,4.4112865200173115,51.23061904777773
Citroenvlinder,25,4,2013,4.307180983517319,51.21631536638364
Dagpauwoog,25,4,2013,4.387273605158553,51.27023499180563
Klein geaderd witje,25,4,2013,4.302402201332153,51.19511489040218
Klein koolwitje,25,4,2013,4.409834652850405,51.2865783843305
Kleine vos,25,4,2013,4.288498238464817,51.246917476607486
Bont zandoogje,3,5,2013,4.2894572316110136,51.32136359215714
Dagpauwoog,3,5,2013,4.340542413890362,51.320189032293854
Gehakkelde aurelia,3,5,2013,4.431264422452077,51.29885436302051
Klein koolwitje,3,5,2013,4.309212034698576,51.32326860349625
Kleine vos,3,5,2013,4.397153032002971,51.33680180731229
Argusvlinder,25,5,2013,4.323539155200124,51.27136212150566
Bont zandoogje,25,5,2013,4.310811492046342,51.36410253607668
Bruin blauwtje,25,5,2013,4.283371914681047,51.32794157714583
Dagpauwoog,25,5,2013,4.284424067046493,51.260538579439746
Hooibeestje,25,5,2013,4.333108610371128,51.216217294950034
Klein koolwitje,25,5,2013,4.432332964837552,51.3768229737971
Kleine vos,25,5,2013,4.295216016881168,51.267714974898844
Koninginnenpage,25,5,2013,4.457869318863377,51.222631514547395
Argusvlinder,31,5,2013,4.457263986198232,51.19996901383623
Hooibeestje,31,5,2013,4.3615646174084395,51.21452718340792
Icarusblauwtje,31,5,2013,4.4512981464993215,51.22608047715388
Argusvlinder,5,6,2013,4.353166354158893,51.30676582945511
Boomblauwtje,5,6,2013,4.335058519421145,51.24495655364357
Dagpauwoog,5,6,2013,4.356917351288721,51.2562077171728
Hooibeestje,5,6,2013,4.301995606571436,51.25552649945952
Icarusblauwtje,5,6,2013,4.324014072204009,51.2233592031151
Klein koolwitje,5,6,2013,4.281375492960215,51.19989420893602
Argusvlinder,7,6,2013,4.349284239336849,51.285054554985834
Bruin blauwtje,7,6,2013,4.332973578795791,51.28277247521095
Hooibeestje,7,6,2013,4.324844612963498,51.33041949762031
Icarusblauwtje,7,6,2013,4.412426814381034,51.32522908091545
Argusvlinder,6,7,2013,4.29981645363383,51.19649153520353
Groot dikkopje,6,7,2013,4.333210760392249,51.31273014662787
Hooibeestje,6,7,2013,4.29952465467155,51.35844407902099
Icarusblauwtje,6,7,2013,4.374345998456702,51.354175276318564
Klein geaderd witje,6,7,2013,4.434569031316787,51.29876854523085
Klein koolwitje,6,7,2013,4.329063741480932,51.33969868883491
Kleine vos,6,7,2013,4.3124468280375,51.19438532722182
Bont zandoogje,21,7,2013,4.428037820514292,51.22584878537804
Bruin zandoogje,21,7,2013,4.366382148014382,51.26731195539236
Dagpauwoog,21,7,2013,4.362577167656273,51.31629122831858
Groot koolwitje,21,7,2013,4.38483928273432,51.232498550983145
Hooibeestje,21,7,2013,4.434033746123315,51.30621728283353
Klein koolwitje,21,7,2013,4.43302159271203,51.24973573420197
Kleine vos,21,7,2013,4.265606307694688,51.274689148329195
Koninginnenpage,21,7,2013,4.273979791896418,51.21259555608034
Oranje zandoogje,21,7,2013,4.396714536976069,51.29163641287945
Zwartsprietdikkopje,21,7,2013,4.275085691167042,51.38714324418455
Argusvlinder,2,8,2013,4.35092287607491,51.33205368203111
Bont zandoogje,2,8,2013,4.34073983876966,51.28090180727653
Citroenvlinder,2,8,2013,4.435339014502243,51.246328427558765
Dagpauwoog,2,8,2013,4.276382341692225,51.278362858910114
Distelvlinder,2,8,2013,4.45778286954388,51.27273401819169
Gehakkelde aurelia,2,8,2013,4.4579617344681175,51.38541020984761
Hooibeestje,2,8,2013,4.389425143357367,51.35242641992867
Icarusblauwtje,2,8,2013,4.350418786602095,51.281502388287336
Klein koolwitje,2,8,2013,4.261159206870944,51.33089361033402
Kleine vos,2,8,2013,4.335729341898114,51.199747176384555
Oranje luzernevlinder,2,8,2013,4.292521954039112,51.27726786691695
Oranje zandoogje,2,8,2013,4.283000016715378,51.38514823472127
